{
  "bones": [
    {
      "id": 0,
      "name": "mixamorig:Hips",
      "offset": [
        1.0,
        1.641030053178838e-06,
        -2.1102584923937684e-07,
        -1.7328499097857275e-06,
        -1.641030053178838e-06,
        1.0,
        -4.371124617819078e-08,
        -1.0524624586105347,
        2.1102576397424855e-07,
        4.371159079141762e-08,
        1.0,
        0.017651468515396118,
        0.0,
        0.0,
        -0.0,
        1.0
      ],
      "parentId": -1
    },
    {
      "id": 1,
      "name": "mixamorig:LeftUpLeg",
      "offset": [
        -1.0,
        -4.804026954019491e-09,
        1.9820069496745418e-07,
        0.09688765555620193,
        -2.0027446367976154e-09,
        -0.9994105696678162,
        -0.03433084860444069,
        0.9949970841407776,
        1.9827541564154672e-07,
        -0.0343308262526989,
        0.9994102120399475,
        0.03494494780898094,
        0.0,
        0.0,
        -0.0,
        1.0
      ],
      "parentId": 0
    },
    {
      "id": 2,
      "name": "mixamorig:RightUpLeg",
      "offset": [
        -1.0,
        3.3831997203748188e-09,
        -4.020095900614251e-08,
        -0.09688758850097656,
        -2.0002741685232195e-09,
        -0.999410092830658,
        -0.034330833703279495,
        0.9949968457221985,
        -4.027633337955194e-08,
        -0.034330833703279495,
        0.9994102716445923,
        0.03494494408369064,
        0.0,
        0.0,
        -0.0,
        1.0
      ],
      "parentId": 0
    },
    {
      "id": 3,
      "name": "mixamorig:Spine",
      "offset": [
        1.0,
        -1.3292721957880449e-11,
        -8.742361501390405e-08,
        -4.643598367692903e-05,
        5.5238817964209375e-09,
        0.9980115294456482,
        0.06303320825099945,
        -1.101442813873291,
        8.724894229317215e-08,
        -0.06303320825099945,
        0.9980115294456482,
        0.08984599262475967,
        0.0,
        0.0,
        -0.0,
        1.0
      ],
      "parentId": 0
    },
    {
      "id": 4,
      "name": "mixamorig:Spine1",
      "offset": [
        1.0,
        4.576209846989237e-16,
        -8.742277657347586e-08,
        -4.6435998228844255e-05,
        1.1679579969836595e-08,
        0.9910354018211365,
        0.13359880447387695,
        -1.2026965618133545,
        8.66390763576419e-08,
        -0.13359880447387695,
        0.9910354018211365,
        0.17551609873771667,
        0.0,
        0.0,
        -0.0,
        1.0
      ],
      "parentId": 3
    },
    {
      "id": 5,
      "name": "mixamorig:Spine2",
      "offset": [
        1.0,
        -3.1089681550503286e-19,
        -8.742277657347586e-08,
        -4.643599095288664e-05,
        -4.118984850193155e-15,
        0.9999998807907104,
        -5.820765380804005e-08,
        -1.2960528135299683,
        8.742278367890322e-08,
        3.4924592995366766e-08,
        1.0,
        0.002386650536209345,
        0.0,
        0.0,
        -0.0,
        1.0
      ],
      "parentId": 4
    },
    {
      "id": 6,
      "name": "mixamorig:LeftLeg",
      "offset": [
        -1.0,
        7.499426857293656e-09,
        3.807796815635811e-07,
        0.09688764065504074,
        3.255372149624236e-08,
        -0.9944652318954468,
        0.1050669476389885,
        0.5626999139785767,
        3.7948643694107886e-07,
        0.10506701469421387,
        0.9944648742675781,
        -0.04377809539437294,
        0.0,
        0.0,
        -0.0,
        1.0
      ],
      "parentId": 1
    },
    {
      "id": 7,
      "name": "mixamorig:LeftShoulder",
      "offset": [
        -0.005157419014722109,
        -9.028002523336909e-08,
        0.9999865293502808,
        -0.043714363127946854,
        0.982661783695221,
        -0.18533635139465332,
        0.00506816990673542,
        0.20535734295845032,
        0.18533393740653992,
        0.9826749563217163,
        0.0009559145546518266,
        -1.432336449623108,
        0.0,
        0.0,
        -0.0,
        1.0
      ],
      "parentId": 5
    },
    {
      "id": 8,
      "name": "mixamorig:Neck",
      "offset": [
        1.0,
        -3.109070518651132e-19,
        -8.742277657347586e-08,
        0.0010755700059235096,
        -6.398853225308672e-15,
        0.9999998807907104,
        -8.428630593471098e-08,
        -1.4852482080459595,
        8.742278367890322e-08,
        5.448398709972935e-08,
        1.0,
        -0.03497450798749924,
        0.0,
        0.0,
        -0.0,
        1.0
      ],
      "parentId": 5
    },
    {
      "id": 9,
      "name": "mixamorig:RightLeg",
      "offset": [
        -1.0,
        7.500168486274106e-09,
        3.807866164606821e-07,
        -0.09688758850097656,
        3.255268055113447e-08,
        -0.994464635848999,
        0.10506704449653625,
        0.5626993179321289,
        3.79483935830649e-07,
        0.10506702214479446,
        0.9944647550582886,
        -0.04377799108624458,
        0.0,
        0.0,
        -0.0,
        1.0
      ],
      "parentId": 2
    },
    {
      "id": 10,
      "name": "mixamorig:RightShoulder",
      "offset": [
        -0.005157394800335169,
        3.6146939663694866e-08,
        -0.9999865889549255,
        0.04371490329504013,
        -0.9826750755310059,
        -0.1852664351463318,
        0.005068275146186352,
        0.20534633100032806,
        -0.18526403605937958,
        0.9826881885528564,
        0.0009554980206303298,
        -1.432332158088684,
        0.0,
        0.0,
        -0.0,
        1.0
      ],
      "parentId": 5
    },
    {
      "id": 11,
      "name": "mixamorig:Head",
      "offset": [
        1.0,
        -1.3994581785238002e-22,
        -8.742277657347586e-08,
        0.0010755700059235096,
        -5.404606375338048e-15,
        0.9999998807907104,
        -7.290989856301167e-08,
        -1.571977972984314,
        8.742278367890322e-08,
        4.310759038617107e-08,
        1.0,
        -0.0017814148450270295,
        0.0,
        0.0,
        -0.0,
        1.0
      ],
      "parentId": 8
    },
    {
      "id": 12,
      "name": "mixamorig:HeadTop_End",
      "offset": [
        1.0,
        -1.3995712696231727e-22,
        -8.742277657347586e-08,
        0.0010755700059235096,
        -5.404607645887469e-15,
        0.9999998807907104,
        -7.290990566843902e-08,
        -1.7594311237335205,
        8.742278367890322e-08,
        4.310759038617107e-08,
        1.0,
        0.09193199127912521,
        0.0,
        0.0,
        -0.0,
        1.0
      ],
      "parentId": 11
    },
    {
      "id": 13,
      "name": "mixamorig:LeftArm",
      "offset": [
        6.88689510752738e-07,
        -2.6295886357274867e-08,
        0.9999998807907104,
        -0.044505730271339417,
        0.9999997615814209,
        -2.421832050458761e-06,
        -5.77526463985123e-07,
        -0.1532861888408661,
        2.514379502827069e-06,
        0.9999997615814209,
        -2.6817760456765427e-08,
        -1.4286353588104248,
        0.0,
        0.0,
        -0.0,
        1.0
      ],
      "parentId": 7
    },
    {
      "id": 14,
      "name": "mixamorig:LeftFoot",
      "offset": [
        -0.9981458783149719,
        -0.030435847118496895,
        -0.05271318182349205,
        0.10296406596899033,
        0.0518510565161705,
        -0.8787612915039063,
        -0.4744362533092499,
        0.14700768887996674,
        -0.031882449984550476,
        -0.47628992795944214,
        0.8787097334861755,
        0.054480791091918945,
        0.0,
        0.0,
        -0.0,
        1.0
      ],
      "parentId": 6
    },
    {
      "id": 15,
      "name": "mixamorig:LeftForeArm",
      "offset": [
        2.525852380586002e-07,
        1.4166832151829567e-08,
        0.9999998807907104,
        -0.04450562968850136,
        0.9999998807907104,
        -5.712436177418567e-07,
        -1.415542669747083e-07,
        -0.39902758598327637,
        6.606504712181049e-07,
        0.9999997615814209,
        -6.73702089670769e-08,
        -1.4286348819732666,
        0.0,
        0.0,
        -0.0,
        1.0
      ],
      "parentId": 13
    },
    {
      "id": 16,
      "name": "mixamorig:LeftHand",
      "offset": [
        1.8569178905636363e-07,
        -5.272658043509182e-08,
        0.9999998807907104,
        -0.04450548067688942,
        0.9999998807907104,
        -1.4829000747340615e-06,
        -7.466088902674528e-08,
        -0.6299922466278076,
        1.5723070418971474e-06,
        0.9999997615814209,
        -4.768079264749758e-10,
        -1.4286351203918457,
        0.0,
        0.0,
        -0.0,
        1.0
      ],
      "parentId": 15
    },
    {
      "id": 17,
      "name": "mixamorig:LeftHandIndex1",
      "offset": [
        0.004897572100162506,
        -1.02780255417656e-08,
        0.9999879598617554,
        -0.024868106469511986,
        0.9999879598617554,
        -6.44674219074659e-05,
        -0.0048974608071148396,
        -0.7408342361450195,
        6.455610127886757e-05,
        0.9999997615814209,
        -3.586520733733778e-07,
        -1.426387906074524,
        0.0,
        0.0,
        -0.0,
        1.0
      ],
      "parentId": 16
    },
    {
      "id": 18,
      "name": "mixamorig:LeftHandIndex2",
      "offset": [
        0.00922089722007513,
        -9.990277476390474e-07,
        0.999957263469696,
        -0.02818221040070057,
        0.9999573230743408,
        -0.00012197883188491687,
        -0.009220785461366177,
        -0.766637921333313,
        0.00012207229156047106,
        0.9999997615814209,
        -1.7895892767683108e-07,
        -1.4264315366744995,
        0.0,
        0.0,
        -0.0,
        1.0
      ],
      "parentId": 17
    },
    {
      "id": 19,
      "name": "mixamorig:LeftHandIndex3",
      "offset": [
        0.011161576956510544,
        2.440882553855772e-07,
        0.9999375939369202,
        -0.029710911214351654,
        0.9999375939369202,
        -0.00015526419156230986,
        -0.01116146706044674,
        -0.7865347862243652,
        0.0001553412148496136,
        0.9999997615814209,
        -2.0302529719629092e-06,
        -1.4264576435089111,
        0.0,
        0.0,
        -0.0,
        1.0
      ],
      "parentId": 18
    },
    {
      "id": 20,
      "name": "mixamorig:LeftHandIndex4",
      "offset": [
        0.011161480098962784,
        1.477218916079437e-07,
        0.9999376535415649,
        -0.029710697010159492,
        0.9999376535415649,
        -0.00016147838323377073,
        -0.01116137020289898,
        -0.811080813407898,
        0.0001615560904610902,
        0.9999997615814209,
        -2.0032359770993935e-06,
        -1.4264627695083618,
        0.0,
        0.0,
        -0.0,
        1.0
      ],
      "parentId": 19
    },
    {
      "id": 21,
      "name": "mixamorig:LeftHandMiddle1",
      "offset": [
        -0.0006738984957337379,
        1.108380018877142e-07,
        0.9999997615814209,
        -0.04400357976555824,
        0.9999997615814209,
        1.5874378732405603e-05,
        0.0006740095559507608,
        -0.7445223927497864,
        -1.5784895367687568e-05,
        0.9999997615814209,
        -1.7474079072599125e-07,
        -1.4286233186721802,
        0.0,
        0.0,
        -0.0,
        1.0
      ],
      "parentId": 16
    },
    {
      "id": 22,
      "name": "mixamorig:LeftHandMiddle2",
      "offset": [
        -0.0007728535565547645,
        9.926360178269533e-08,
        0.9999996423721313,
        -0.04392702132463455,
        0.9999996423721313,
        1.5347948647104204e-05,
        0.0007729645003564656,
        -0.7735258936882019,
        -1.5258462553902064e-05,
        0.9999997615814209,
        -1.6433028804385685e-07,
        -1.4286237955093384,
        0.0,
        0.0,
        -0.0,
        1.0
      ],
      "parentId": 21
    },
    {
      "id": 23,
      "name": "mixamorig:LeftHandMiddle3",
      "offset": [
        -3.1005885830381885e-05,
        -8.461143465865462e-07,
        1.0,
        -0.04451432079076767,
        1.0000001192092896,
        8.94086156222329e-08,
        3.1116964237298816e-05,
        -0.7934717535972595,
        -2.36920899565618e-11,
        0.9999997615814209,
        7.929085086288978e-07,
        -1.4286357164382935,
        0.0,
        0.0,
        -0.0,
        1.0
      ],
      "parentId": 22
    },
    {
      "id": 24,
      "name": "mixamorig:LeftHandMiddle4",
      "offset": [
        -2.9545193683588877e-05,
        6.147519115984323e-07,
        0.9999998807907104,
        -0.04451759532094002,
        1.0,
        8.940964590919975e-08,
        2.9656239348696545e-05,
        -0.8163216710090637,
        1.8439662990976657e-11,
        0.9999997615814209,
        -6.679579769297561e-07,
        -1.4286357164382935,
        0.0,
        0.0,
        -0.0,
        1.0
      ],
      "parentId": 23
    },
    {
      "id": 25,
      "name": "mixamorig:LeftHandPinky1",
      "offset": [
        -0.00028405763441696763,
        8.422389896622917e-08,
        0.9999998807907104,
        -0.08457784354686737,
        0.9999998807907104,
        8.913619353734248e-08,
        0.0002841686946339905,
        -0.7263005375862122,
        2.9434896187119364e-10,
        0.9999997615814209,
        -1.3745253113484068e-07,
        -1.4252175092697144,
        0.0,
        0.0,
        -0.0,
        1.0
      ],
      "parentId": 16
    },
    {
      "id": 26,
      "name": "mixamorig:LeftHandPinky2",
      "offset": [
        0.0013773145619779825,
        -8.637721293780487e-07,
        0.9999990463256836,
        -0.08583123236894608,
        0.9999990463256836,
        -2.342778316233307e-05,
        -0.001377203268930316,
        -0.7551306486129761,
        2.351836701564025e-05,
        0.9999997615814209,
        7.783035584907338e-07,
        -1.4252351522445679,
        0.0,
        0.0,
        -0.0,
        1.0
      ],
      "parentId": 25
    },
    {
      "id": 27,
      "name": "mixamorig:LeftHandPinky3",
      "offset": [
        -0.0003381745773367584,
        2.610005083170108e-07,
        0.9999998807907104,
        -0.08451496064662933,
        0.9999998807907104,
        8.940227047560256e-08,
        0.00033828566665761173,
        -0.768286943435669,
        9.012497692584276e-11,
        0.9999997615814209,
        -3.1423400059793494e-07,
        -1.4252171516418457,
        0.0,
        0.0,
        -0.0,
        1.0
      ],
      "parentId": 26
    },
    {
      "id": 28,
      "name": "mixamorig:LeftHandPinky4",
      "offset": [
        -0.0003386505413800478,
        -2.1537738348342828e-07,
        0.9999998807907104,
        -0.08451391011476517,
        0.9999998807907104,
        7.669549631827977e-06,
        0.0003387616598047316,
        -0.7884278893470764,
        -7.580217243230436e-06,
        0.9999997615814209,
        1.5957604659888602e-07,
        -1.4252111911773682,
        0.0,
        0.0,
        -0.0,
        1.0
      ],
      "parentId": 27
    },
    {
      "id": 29,
      "name": "mixamorig:LeftHandRing1",
      "offset": [
        -2.3258206056198105e-05,
        8.801831086202583e-08,
        0.9999998807907104,
        -0.0669613853096962,
        0.9999998807907104,
        8.664765971388988e-08,
        2.3369237169390544e-05,
        -0.7360517978668213,
        2.760888628827729e-09,
        0.9999997615814209,
        -1.4122360880719498e-07,
        -1.4313174486160278,
        0.0,
        0.0,
        -0.0,
        1.0
      ],
      "parentId": 16
    },
    {
      "id": 30,
      "name": "mixamorig:LeftHandRing2",
      "offset": [
        -0.0014687777729704976,
        1.1838250912887816e-07,
        0.999998927116394,
        -0.0658540278673172,
        0.9999986886978149,
        4.863974390900694e-05,
        0.0014688888331875205,
        -0.7662180066108704,
        -4.8550122301094234e-05,
        0.9999997615814209,
        -2.4303204781972454e-07,
        -1.4312800168991089,
        0.0,
        0.0,
        -0.0,
        1.0
      ],
      "parentId": 29
    },
    {
      "id": 31,
      "name": "mixamorig:LeftHandRing3",
      "offset": [
        1.7100692275562324e-05,
        -6.61428828152566e-07,
        1.0,
        -0.06702394038438797,
        0.9999998807907104,
        8.941194806766362e-08,
        -1.6989784853649326e-05,
        -0.7880499362945557,
        9.756462998611326e-12,
        0.9999997615814209,
        6.082272534513322e-07,
        -1.4313182830810547,
        0.0,
        0.0,
        -0.0,
        1.0
      ],
      "parentId": 30
    },
    {
      "id": 32,
      "name": "mixamorig:LeftHandRing4",
      "offset": [
        1.7755051885615103e-05,
        -7.1346142327399775e-09,
        1.0,
        -0.06702540814876556,
        0.9999998807907104,
        -6.890394161018776e-06,
        -1.7644271792960353e-05,
        -0.809901237487793,
        6.979802492423914e-06,
        0.9999997615814209,
        -4.619025162355683e-08,
        -1.4313240051269531,
        0.0,
        0.0,
        -0.0,
        1.0
      ],
      "parentId": 31
    },
    {
      "id": 33,
      "name": "mixamorig:LeftHandThumb1",
      "offset": [
        0.5099042654037476,
        0.02327687293291092,
        0.8599161505699158,
        -0.393826961517334,
        0.7745991349220276,
        -0.4472140371799469,
        -0.44720837473869324,
        0.12670278549194336,
        0.3741571605205536,
        0.8941237330436707,
        -0.24606667459011078,
        -1.5071941614151,
        0.0,
        0.0,
        -0.0,
        1.0
      ],
      "parentId": 16
    },
    {
      "id": 34,
      "name": "mixamorig:LeftHandThumb2",
      "offset": [
        0.5099013447761536,
        0.023278990760445595,
        0.8599178791046143,
        -0.3938276469707489,
        0.774600088596344,
        -0.44721654057502747,
        -0.44720417261123657,
        0.09375173598527908,
        0.37415918707847595,
        0.8941224813461304,
        -0.2460683137178421,
        -1.5071955919265747,
        0.0,
        0.0,
        -0.0,
        0.9999998807907104
      ],
      "parentId": 33
    },
    {
      "id": 35,
      "name": "mixamorig:LeftHandThumb3",
      "offset": [
        0.5099007487297058,
        0.02327890694141388,
        0.8599183559417725,
        -0.39382702112197876,
        0.7746003866195679,
        -0.44721686840057373,
        -0.447203665971756,
        0.058184582740068436,
        0.37415963411331177,
        0.8941224813461304,
        -0.2460680902004242,
        -1.5071947574615479,
        0.0,
        0.0,
        -0.0,
        1.0
      ],
      "parentId": 34
    },
    {
      "id": 36,
      "name": "mixamorig:LeftHandThumb4",
      "offset": [
        0.509900689125061,
        0.023278890177607536,
        0.8599183559417725,
        -0.3938269317150116,
        0.7746002674102783,
        -0.44721683859825134,
        -0.4472036361694336,
        0.024894634261727333,
        0.3741596043109894,
        0.8941224813461304,
        -0.2460680454969406,
        -1.5071947574615479,
        0.0,
        0.0,
        -0.0,
        1.0
      ],
      "parentId": 35
    },
    {
      "id": 37,
      "name": "mixamorig:LeftToeBase",
      "offset": [
        -0.9991578459739685,
        -1.555305061629042e-06,
        -0.041033364832401276,
        0.10374738276004791,
        0.04103335738182068,
        -0.0009773005731403828,
        -0.9991570711135864,
        -0.062407586723566055,
        -3.855721661238931e-05,
        -0.9999996423721313,
        0.0009766231523826718,
        0.00015082121535670012,
        0.0,
        0.0,
        -0.0,
        1.0
      ],
      "parentId": 14
    },
    {
      "id": 38,
      "name": "mixamorig:LeftToe_End",
      "offset": [
        -0.9991578459739685,
        -1.5527764389844378e-06,
        -0.041033364832401276,
        0.10374738276004791,
        0.04103336110711098,
        -0.0009772476041689515,
        -0.9991570711135864,
        -0.20008958876132965,
        -3.8560840039281175e-05,
        -0.9999995231628418,
        0.0009765626164153218,
        0.00015082114259712398,
        0.0,
        0.0,
        -0.0,
        1.0
      ],
      "parentId": 37
    },
    {
      "id": 39,
      "name": "mixamorig:RightArm",
      "offset": [
        2.614705181258614e-07,
        1.5937668251808645e-07,
        -0.9999997615814209,
        0.044505443423986435,
        -0.9999997615814209,
        -5.581724167313951e-07,
        -1.004674530236116e-07,
        -0.1531963348388672,
        -5.822056436954881e-07,
        0.9999996423721313,
        9.860733740651995e-08,
        -1.4286400079727173,
        0.0,
        0.0,
        -0.0,
        1.0
      ],
      "parentId": 10
    },
    {
      "id": 40,
      "name": "mixamorig:RightFoot",
      "offset": [
        -0.9981458783149719,
        0.030432570725679398,
        0.05271374061703682,
        -0.10296351462602615,
        -0.05184846743941307,
        -0.8787606358528137,
        -0.4744371771812439,
        0.14700746536254883,
        0.031884435564279556,
        -0.4762905538082123,
        0.8787091970443726,
        0.05448079854249954,
        0.0,
        0.0,
        -0.0,
        1.0
      ],
      "parentId": 9
    },
    {
      "id": 41,
      "name": "mixamorig:RightForeArm",
      "offset": [
        -8.742085100266195e-08,
        -8.742274815176643e-08,
        -0.9999997615814209,
        0.04450566694140434,
        -0.9999998807907104,
        -4.4233787775738165e-05,
        2.499284903478838e-07,
        -0.39887285232543945,
        -4.426359009812586e-05,
        0.9999997615814209,
        -1.484134770635137e-07,
        -1.4286572933197021,
        0.0,
        0.0,
        -0.0,
        1.0
      ],
      "parentId": 39
    },
    {
      "id": 42,
      "name": "mixamorig:RightHand",
      "offset": [
        -8.742090074065345e-08,
        -8.742275525719378e-08,
        -0.9999997615814209,
        0.044505663216114044,
        -0.9999998807907104,
        -4.242291834088974e-05,
        2.4992826297420834e-07,
        -0.6298413872718811,
        -4.245272066327743e-05,
        0.9999997615814209,
        -1.4841391760000988e-07,
        -1.4286561012268066,
        0.0,
        0.0,
        -0.0,
        1.0
      ],
      "parentId": 41
    },
    {
      "id": 43,
      "name": "mixamorig:RightHandIndex1",
      "offset": [
        0.004895986057817936,
        1.0343857326233774e-07,
        -0.9999877214431763,
        0.024866465479135513,
        -0.9999879002571106,
        2.7166336735717778e-08,
        -0.004895822610706091,
        -0.740833044052124,
        -3.1293057034531557e-09,
        0.9999997615814209,
        4.256859753581921e-08,
        -1.4263395071029663,
        0.0,
        0.0,
        -0.0,
        1.0
      ],
      "parentId": 42
    },
    {
      "id": 44,
      "name": "mixamorig:RightHandIndex2",
      "offset": [
        0.00922409351915121,
        4.89958438265603e-07,
        -0.999957263469696,
        0.028184695169329643,
        -0.9999573826789856,
        2.995006909145559e-08,
        -0.009223929606378078,
        -0.7667189836502075,
        -4.36248193125266e-09,
        0.9999997615814209,
        4.292122071092308e-07,
        -1.4263397455215454,
        0.0,
        0.0,
        -0.0,
        1.0
      ],
      "parentId": 43
    },
    {
      "id": 45,
      "name": "mixamorig:RightHandIndex3",
      "offset": [
        0.011158113367855549,
        6.607576779060764e-07,
        -0.9999375939369202,
        0.029706012457609177,
        -0.9999377131462097,
        -0.0004163257544860244,
        -0.011157948523759842,
        -0.7860693335533142,
        -0.0004163371049799025,
        0.9999997615814209,
        -4.045627520099515e-06,
        -1.426667332649231,
        0.0,
        0.0,
        -0.0,
        1.0
      ],
      "parentId": 44
    },
    {
      "id": 46,
      "name": "mixamorig:RightHandIndex4",
      "offset": [
        0.011158662848174572,
        1.1154993728723639e-07,
        -0.9999375939369202,
        0.02970723621547222,
        -0.9999375939369202,
        -0.0004038959741592407,
        -0.01115849707275629,
        -0.8106414079666138,
        -0.00040390194044448435,
        0.9999998807907104,
        -4.456330771063222e-06,
        -1.4266571998596191,
        0.0,
        0.0,
        -0.0,
        1.0
      ],
      "parentId": 45
    },
    {
      "id": 47,
      "name": "mixamorig:RightHandMiddle1",
      "offset": [
        -0.0006724288687109947,
        -8.614480861979246e-08,
        -0.9999995231628418,
        0.04400487616658211,
        -0.9999997615814209,
        2.9752934338489467e-08,
        0.0006725912098772824,
        -0.7444065809249878,
        -9.864306593776462e-11,
        0.9999997615814209,
        -1.4716657403823774e-07,
        -1.4286396503448486,
        0.0,
        0.0,
        -0.0,
        1.0
      ],
      "parentId": 42
    },
    {
      "id": 48,
      "name": "mixamorig:RightHandMiddle2",
      "offset": [
        -0.0007746971677988768,
        -4.5692740968661383e-07,
        -0.999999463558197,
        0.04392630606889725,
        -0.9999996423721313,
        2.9782084354224025e-08,
        0.0007748596253804862,
        -0.7734110951423645,
        -3.673969739548255e-10,
        0.9999997615814209,
        -5.179521167519852e-07,
        -1.428639531135559,
        0.0,
        0.0,
        -0.0,
        1.0
      ],
      "parentId": 47
    },
    {
      "id": 49,
      "name": "mixamorig:RightHandMiddle3",
      "offset": [
        -3.1598599889548495e-05,
        9.061683954314503e-07,
        -0.9999998807907104,
        0.04451392963528633,
        -1.000000238418579,
        2.97949505068118e-08,
        3.176103564328514e-05,
        -0.7933787107467651,
        2.8083530292932757e-11,
        0.9999997615814209,
        8.45165743612597e-07,
        -1.4286396503448486,
        0.0,
        0.0,
        -0.0,
        1.0
      ],
      "parentId": 48
    },
    {
      "id": 50,
      "name": "mixamorig:RightHandMiddle4",
      "offset": [
        -3.055496563320048e-05,
        -1.3745477644988568e-07,
        -0.9999997615814209,
        0.04451627656817436,
        -1.0000001192092896,
        2.9794964717666517e-08,
        3.0717426852788776e-05,
        -0.8162283301353455,
        -4.732086250625045e-12,
        0.9999997615814209,
        -1.984574993230126e-07,
        -1.428639531135559,
        0.0,
        0.0,
        -0.0,
        1.0
      ],
      "parentId": 49
    },
    {
      "id": 51,
      "name": "mixamorig:RightHandPinky1",
      "offset": [
        -0.00028612857568077743,
        -2.93340924883978e-08,
        -0.9999997615814209,
        0.08457636833190918,
        -0.9999998807907104,
        3.1198378991348363e-08,
        0.0002862910332623869,
        -0.7262070178985596,
        1.3979000179631385e-09,
        0.9999997615814209,
        -9.034479120373362e-08,
        -1.4252196550369263,
        0.0,
        0.0,
        -0.0,
        1.0
      ],
      "parentId": 42
    },
    {
      "id": 52,
      "name": "mixamorig:RightHandPinky2",
      "offset": [
        0.0013786982744932175,
        6.158985570436926e-07,
        -0.999998927116394,
        0.0858326405286789,
        -0.9999990463256836,
        2.98176416890783e-08,
        -0.0013785356422886252,
        -0.7550714015960693,
        -8.25360835232658e-10,
        0.9999997615814209,
        5.549374577640265e-07,
        -1.4252195358276367,
        0.0,
        0.0,
        -0.0,
        1.0
      ],
      "parentId": 51
    },
    {
      "id": 53,
      "name": "mixamorig:RightHandPinky3",
      "offset": [
        -0.00033692948636598885,
        -9.656835118221352e-07,
        -0.9999997615814209,
        0.08451707661151886,
        -1.0,
        -7.55033261157223e-06,
        0.0003370918275322765,
        -0.768182635307312,
        -7.580451892863493e-06,
        0.9999997615814209,
        -1.024140146910213e-06,
        -1.425225019454956,
        0.0,
        0.0,
        -0.0,
        1.0
      ],
      "parentId": 52
    },
    {
      "id": 54,
      "name": "mixamorig:RightHandPinky4",
      "offset": [
        -0.0003378764959052205,
        -1.8158933912104658e-08,
        -0.9999997615814209,
        0.08451499044895172,
        -0.9999998807907104,
        7.609904514538357e-06,
        0.0003380391572136432,
        -0.7883344292640686,
        7.580107649118872e-06,
        0.9999997615814209,
        -8.173322640914193e-08,
        -1.4252134561538696,
        0.0,
        0.0,
        -0.0,
        1.0
      ],
      "parentId": 53
    },
    {
      "id": 55,
      "name": "mixamorig:RightHandRing1",
      "offset": [
        -2.3451726519851945e-05,
        -8.813837126808721e-08,
        -0.9999997615814209,
        0.0669613778591156,
        -0.9999998807907104,
        3.41564287964502e-08,
        2.361422411922831e-05,
        -0.7359585165977478,
        4.359858696290075e-09,
        0.9999997615814209,
        -1.4914094492723962e-07,
        -1.4313195943832397,
        0.0,
        0.0,
        -0.0,
        1.0
      ],
      "parentId": 42
    },
    {
      "id": 56,
      "name": "mixamorig:RightHandRing2",
      "offset": [
        -0.0014676469145342708,
        -5.895836920899455e-07,
        -0.9999985694885254,
        0.06585581600666046,
        -0.9999988675117493,
        2.976847390812054e-08,
        0.0014678090810775757,
        -0.7660554051399231,
        -8.907445336880926e-10,
        0.9999997615814209,
        -6.506284080387559e-07,
        -1.4313193559646606,
        0.0,
        0.0,
        -0.0,
        1.0
      ],
      "parentId": 55
    },
    {
      "id": 57,
      "name": "mixamorig:RightHandRing3",
      "offset": [
        1.7797616237658076e-05,
        5.047689910497866e-07,
        -0.9999998807907104,
        0.06702480465173721,
        -1.0000001192092896,
        7.0094015427457634e-06,
        -1.7634987671044655e-05,
        -0.7879670262336731,
        6.97960012985277e-06,
        0.9999997615814209,
        4.4389096842678555e-07,
        -1.43131422996521,
        0.0,
        0.0,
        -0.0,
        1.0
      ],
      "parentId": 56
    },
    {
      "id": 58,
      "name": "mixamorig:RightHandRing4",
      "offset": [
        1.7797758118831553e-05,
        2.6641285444384266e-07,
        -0.9999997615814209,
        0.06702514737844467,
        -1.0,
        -6.949786893528653e-06,
        -1.763523687259294e-05,
        -0.8098090291023254,
        -6.9795896706636995e-06,
        0.9999997615814209,
        2.0528844402178947e-07,
        -1.4313251972198486,
        0.0,
        0.0,
        -0.0,
        1.0
      ],
      "parentId": 57
    },
    {
      "id": 59,
      "name": "mixamorig:RightHandThumb1",
      "offset": [
        0.5076414346694946,
        -0.017874885350465775,
        -0.8613829612731934,
        0.3846718966960907,
        -0.7745696902275085,
        -0.44727569818496704,
        -0.44719764590263367,
        0.12688113749027252,
        -0.37728220224380493,
        0.8942171931266785,
        -0.24090103805065155,
        -1.5095025300979614,
        0.0,
        0.0,
        -0.0,
        1.0
      ],
      "parentId": 42
    },
    {
      "id": 60,
      "name": "mixamorig:RightHandThumb2",
      "offset": [
        0.5076342225074768,
        -0.01787935383617878,
        -0.8613870739936829,
        0.38467296957969666,
        -0.7746574282646179,
        -0.44707876443862915,
        -0.4472425878047943,
        0.09359028935432434,
        -0.3771115243434906,
        0.8943155407905579,
        -0.2408028542995453,
        -1.5095221996307373,
        0.0,
        0.0,
        -0.0,
        1.0
      ],
      "parentId": 59
    },
    {
      "id": 61,
      "name": "mixamorig:RightHandThumb3",
      "offset": [
        0.507626473903656,
        -0.01788286864757538,
        -0.8613914251327515,
        0.38467270135879517,
        -0.7745835185050964,
        -0.44726529717445374,
        -0.44718411564826965,
        0.05833792686462402,
        -0.3772735893726349,
        0.8942221403121948,
        -0.24089550971984863,
        -1.5095089673995972,
        0.0,
        0.0,
        -0.0,
        1.0
      ],
      "parentId": 60
    },
    {
      "id": 62,
      "name": "mixamorig:RightHandThumb4",
      "offset": [
        0.5076262950897217,
        -0.01788286305963993,
        -0.8613916635513306,
        0.3846725523471832,
        -0.7745850682258606,
        -0.4472617506980896,
        -0.4471850097179413,
        0.025040464475750923,
        -0.37727051973342896,
        0.894224226474762,
        -0.24089361727237701,
        -1.509509563446045,
        0.0,
        0.0,
        -0.0,
        1.0
      ],
      "parentId": 61
    },
    {
      "id": 63,
      "name": "mixamorig:RightToeBase",
      "offset": [
        -0.9991574287414551,
        -1.5421892385347746e-06,
        0.041046179831027985,
        -0.10374612361192703,
        -0.04104616865515709,
        -0.000977751100435853,
        -0.999156653881073,
        -0.06240896135568619,
        4.1681651055114344e-05,
        -0.9999989867210388,
        0.0009770151227712631,
        0.00015084887854754925,
        0.0,
        0.0,
        -0.0,
        1.0
      ],
      "parentId": 40
    },
    {
      "id": 64,
      "name": "mixamorig:RightToe_End",
      "offset": [
        -0.9991573691368103,
        -1.5617613371432526e-06,
        0.04104618355631828,
        -0.10374613851308823,
        -0.04104616120457649,
        -0.000977762509137392,
        -0.9991565346717834,
        -0.20009055733680725,
        4.169897147221491e-05,
        -0.999998927116394,
        0.0009769403841346502,
        0.000150826686876826,
        0.0,
        0.0,
        -0.0,
        1.0
      ],
      "parentId": 63
    }
  ]
}