{
  "bones": [
    {
      "id": 0,
      "name": "mixamorig:Hips",
      "offset": [
        1.0,
        -1.641030053178838e-06,
        2.1102577818510326e-07,
        0.0,
        1.641030053178838e-06,
        1.0,
        -7.549768810122259e-08,
        0.0,
        -2.1102565028741083e-07,
        7.549803626716312e-08,
        1.0,
        -0.0,
        -1.7328499097857275e-06,
        -1.0524624586105347,
        0.017651468515396118,
        1.0
      ],
      "parentId": -1
    },
    {
      "id": 1,
      "name": "mixamorig:LeftUpLeg",
      "offset": [
        -1.0,
        -2.0027701719271818e-09,
        1.9827541564154672e-07,
        0.0,
        -4.804040276695787e-09,
        -0.9994105696678162,
        -0.03433094546198845,
        0.0,
        1.9820069496745418e-07,
        -0.03433096781373024,
        0.9994102120399475,
        -0.0,
        0.09688765555620193,
        0.9949970841407776,
        0.03494494780898094,
        1.0
      ],
      "parentId": 0
    },
    {
      "id": 2,
      "name": "mixamorig:RightUpLeg",
      "offset": [
        -1.0,
        -2.000299703652786e-09,
        -4.027633337955194e-08,
        0.0,
        3.3832148194079537e-09,
        -0.999410092830658,
        -0.034330952912569046,
        0.0,
        -4.020095900614251e-08,
        -0.034330952912569046,
        0.9994102716445923,
        -0.0,
        -0.09688758850097656,
        0.9949968457221985,
        0.034944940358400345,
        1.0
      ],
      "parentId": 0
    },
    {
      "id": 3,
      "name": "mixamorig:Spine",
      "offset": [
        1.0,
        5.523907109505899e-09,
        8.724894229317215e-08,
        0.0,
        -1.3292721957880449e-11,
        0.9980115294456482,
        -0.063033327460289,
        0.0,
        -8.742361501390405e-08,
        0.063033327460289,
        0.9980115294456482,
        -0.0,
        -4.643598367692903e-05,
        -1.101442813873291,
        0.08984599262475967,
        1.0
      ],
      "parentId": 0
    },
    {
      "id": 4,
      "name": "mixamorig:Spine1",
      "offset": [
        1.0,
        1.1679590627977632e-08,
        8.66390763576419e-08,
        0.0,
        4.576214082153973e-16,
        0.9910354018211365,
        -0.1335989236831665,
        0.0,
        -8.742277657347586e-08,
        0.1335989236831665,
        0.9910354018211365,
        -0.0,
        -4.6435998228844255e-05,
        -1.2026965618133545,
        0.17551609873771667,
        1.0
      ],
      "parentId": 3
    },
    {
      "id": 5,
      "name": "mixamorig:Spine2",
      "offset": [
        1.0,
        6.058363768204336e-15,
        8.742277657347586e-08,
        0.0,
        -3.1049705462462247e-19,
        0.9999998807907104,
        -8.14907039625723e-08,
        0.0,
        -8.742277657347586e-08,
        5.820764670261269e-08,
        0.9999998807907104,
        -0.0,
        -4.643599095288664e-05,
        -1.2960528135299683,
        0.002386645879596472,
        1.0
      ],
      "parentId": 4
    },
    {
      "id": 6,
      "name": "mixamorig:LeftLeg",
      "offset": [
        -1.0,
        3.2553710838101324e-08,
        3.7948643694107886e-07,
        0.0,
        7.499391330156868e-09,
        -0.9944652318954468,
        0.10506690293550491,
        0.0,
        3.807796815635811e-07,
        0.10506682842969894,
        0.9944648742675781,
        -0.0,
        0.09688764065504074,
        0.5626999139785767,
        -0.04377809911966324,
        1.0
      ],
      "parentId": 1
    },
    {
      "id": 7,
      "name": "mixamorig:LeftShoulder",
      "offset": [
        -0.0051574185490608215,
        0.982661783695221,
        0.18533393740653992,
        0.0,
        -2.0954745139079023e-07,
        -0.18533635139465332,
        0.9826749563217163,
        0.0,
        0.9999865293502808,
        0.005068148020654917,
        0.0009560317266732454,
        -0.0,
        -0.043714363127946854,
        0.20535734295845032,
        -1.432336449623108,
        1.0
      ],
      "parentId": 5
    },
    {
      "id": 8,
      "name": "mixamorig:Neck",
      "offset": [
        1.0,
        4.022752590022646e-15,
        8.742278367890322e-08,
        0.0,
        -3.1049772670887016e-19,
        0.9999998807907104,
        -6.472529889833822e-08,
        0.0,
        -8.742277657347586e-08,
        3.4922969405215554e-08,
        1.0,
        -0.0,
        0.0010755700059235096,
        -1.4852482080459595,
        -0.03497450426220894,
        1.0
      ],
      "parentId": 5
    },
    {
      "id": 9,
      "name": "mixamorig:RightLeg",
      "offset": [
        -1.0,
        3.255267699842079e-08,
        3.794840210957773e-07,
        0.0,
        7.500133847315738e-09,
        -0.9944647550582886,
        0.10506691783666611,
        0.0,
        3.80786673304101e-07,
        0.1050669327378273,
        0.9944648742675781,
        -0.0,
        -0.09688758850097656,
        0.5626993179321289,
        -0.04377799481153488,
        1.0
      ],
      "parentId": 2
    },
    {
      "id": 10,
      "name": "mixamorig:RightShoulder",
      "offset": [
        -0.005157395265996456,
        -0.9826750755310059,
        -0.18526403605937958,
        0.0,
        1.5535617592377093e-07,
        -0.1852664351463318,
        0.9826881885528564,
        0.0,
        -0.9999865889549255,
        0.005068253260105848,
        0.0009556151344440877,
        -0.0,
        0.04371489956974983,
        0.20534633100032806,
        -1.432332158088684,
        1.0
      ],
      "parentId": 5
    },
    {
      "id": 11,
      "name": "mixamorig:Head",
      "offset": [
        1.0,
        5.0169981694438495e-15,
        8.742278367890322e-08,
        0.0,
        2.6938065105520355e-22,
        0.9999998807907104,
        -7.610169916461018e-08,
        0.0,
        -8.742277657347586e-08,
        4.629936967148751e-08,
        1.0,
        -0.0,
        0.0010755700059235096,
        -1.571977972984314,
        -0.0017814127495512366,
        1.0
      ],
      "parentId": 8
    },
    {
      "id": 12,
      "name": "mixamorig:HeadTop_End",
      "offset": [
        1.0,
        5.0169981694438495e-15,
        8.742278367890322e-08,
        0.0,
        2.693693419452663e-22,
        0.9999998807907104,
        -7.610169916461018e-08,
        0.0,
        -8.742277657347586e-08,
        4.629936967148751e-08,
        1.0,
        -0.0,
        0.0010755700059235096,
        -1.7594311237335205,
        0.09193197637796402,
        1.0
      ],
      "parentId": 11
    },
    {
      "id": 13,
      "name": "mixamorig:LeftArm",
      "offset": [
        6.884391154926561e-07,
        0.9999997615814209,
        2.513764457034995e-06,
        0.0,
        -1.4553057781085954e-07,
        -2.421832050458761e-06,
        0.9999997615814209,
        0.0,
        0.9999998807907104,
        -5.775267482022173e-07,
        9.238833342806174e-08,
        -0.0,
        -0.044505730271339417,
        -0.1532861888408661,
        -1.4286353588104248,
        1.0
      ],
      "parentId": 7
    },
    {
      "id": 14,
      "name": "mixamorig:LeftFoot",
      "offset": [
        -0.9981459379196167,
        0.0518510602414608,
        -0.031882449984550476,
        0.0,
        -0.030435845255851746,
        -0.8787614107131958,
        -0.47629013657569885,
        0.0,
        -0.052713192999362946,
        -0.4744364619255066,
        0.8787098526954651,
        -0.0,
        0.10296407341957092,
        0.14700771868228912,
        0.05448080599308014,
        1.0
      ],
      "parentId": 6
    },
    {
      "id": 15,
      "name": "mixamorig:LeftForeArm",
      "offset": [
        2.525852096368908e-07,
        0.9999998807907104,
        6.606504712181049e-07,
        0.0,
        -1.0504244585263223e-07,
        -5.712436177418567e-07,
        0.9999997615814209,
        0.0,
        0.9999998807907104,
        -1.4155433802898187e-07,
        5.1839045056567556e-08,
        -0.0,
        -0.044505633413791656,
        -0.39902758598327637,
        -1.4286348819732666,
        1.0
      ],
      "parentId": 13
    },
    {
      "id": 16,
      "name": "mixamorig:LeftHand",
      "offset": [
        1.8569178905636363e-07,
        0.9999998807907104,
        1.5723070418971474e-06,
        0.0,
        -1.7193583801144996e-07,
        -1.4829000747340615e-06,
        0.9999997615814209,
        0.0,
        0.9999998807907104,
        -7.466106666242922e-08,
        1.1873245853166736e-07,
        -0.0,
        -0.04450548067688942,
        -0.6299922466278076,
        -1.4286351203918457,
        1.0
      ],
      "parentId": 15
    },
    {
      "id": 17,
      "name": "mixamorig:LeftHandIndex1",
      "offset": [
        0.004897572100162506,
        0.9999879598617554,
        6.455610855482519e-05,
        0.0,
        -1.29485897559789e-07,
        -6.446683255489916e-05,
        0.9999997615814209,
        0.0,
        0.9999879598617554,
        -0.0048974608071148396,
        -2.3944281224430597e-07,
        -0.0,
        -0.024868106469511986,
        -0.7408342361450195,
        -1.426387906074524,
        1.0
      ],
      "parentId": 16
    },
    {
      "id": 18,
      "name": "mixamorig:LeftHandIndex2",
      "offset": [
        0.00922089722007513,
        0.9999573230743408,
        0.00012207227700855583,
        0.0,
        -1.1182319212821312e-06,
        -0.00012197773321531713,
        0.9999997615814209,
        0.0,
        0.999957263469696,
        -0.009220785461366177,
        -5.97496594423319e-08,
        -0.0,
        -0.02818221040070057,
        -0.766637921333313,
        -1.4264315366744995,
        1.0
      ],
      "parentId": 17
    },
    {
      "id": 19,
      "name": "mixamorig:LeftHandIndex3",
      "offset": [
        0.011161576956510544,
        0.9999375939369202,
        0.00015534122940152884,
        0.0,
        1.2488652600950445e-07,
        -0.00015526286733802408,
        0.9999997615814209,
        0.0,
        0.9999375939369202,
        -0.01116146706044674,
        -1.911043682412128e-06,
        -0.0,
        -0.029710907489061356,
        -0.7865347862243652,
        -1.4264576435089111,
        1.0
      ],
      "parentId": 18
    },
    {
      "id": 20,
      "name": "mixamorig:LeftHandIndex4",
      "offset": [
        0.011161480098962784,
        0.9999376535415649,
        0.0001615560904610902,
        0.0,
        2.8520265260567612e-08,
        -0.00016147704445756972,
        0.9999997615814209,
        0.0,
        0.9999376535415649,
        -0.01116137020289898,
        -1.88402680123545e-06,
        -0.0,
        -0.029710693284869194,
        -0.811080813407898,
        -1.4264627695083618,
        1.0
      ],
      "parentId": 19
    },
    {
      "id": 21,
      "name": "mixamorig:LeftHandMiddle1",
      "offset": [
        -0.0006738984957337379,
        0.9999997615814209,
        -1.5784895367687568e-05,
        0.0,
        -8.371247695038164e-09,
        1.5874298696871847e-05,
        0.9999997615814209,
        0.0,
        0.9999997615814209,
        0.0006740095559507608,
        -5.5531536702346784e-08,
        -0.0,
        -0.04400358721613884,
        -0.7445223927497864,
        -1.4286233186721802,
        1.0
      ],
      "parentId": 16
    },
    {
      "id": 22,
      "name": "mixamorig:LeftHandMiddle2",
      "offset": [
        -0.0007728535565547645,
        0.9999996423721313,
        -1.5258462553902064e-05,
        0.0,
        -1.9945636253737575e-08,
        1.5347857697634026e-05,
        0.9999997615814209,
        0.0,
        0.9999996423721313,
        0.0007729645003564656,
        -4.5121051783780786e-08,
        -0.0,
        -0.04392702504992485,
        -0.7735258936882019,
        -1.4286237955093384,
        1.0
      ],
      "parentId": 21
    },
    {
      "id": 23,
      "name": "mixamorig:LeftHandMiddle3",
      "offset": [
        -3.100588219240308e-05,
        1.0000001192092896,
        -2.345281954752032e-11,
        0.0,
        -9.653235792939086e-07,
        8.940490658915223e-08,
        0.9999997615814209,
        0.0,
        1.0,
        3.1116964237298816e-05,
        9.121177981796791e-07,
        -0.0,
        -0.04451432451605797,
        -0.7934717535972595,
        -1.4286357164382935,
        1.0
      ],
      "parentId": 22
    },
    {
      "id": 24,
      "name": "mixamorig:LeftHandMiddle4",
      "offset": [
        -2.9545193683588877e-05,
        1.0,
        1.8450081740173374e-11,
        0.0,
        4.955426220476511e-07,
        8.940610740637567e-08,
        0.9999997615814209,
        0.0,
        0.9999998807907104,
        2.9656239348696545e-05,
        -5.487486873789749e-07,
        -0.0,
        -0.04451759532094002,
        -0.8163216710090637,
        -1.4286357164382935,
        1.0
      ],
      "parentId": 23
    },
    {
      "id": 25,
      "name": "mixamorig:LeftHandPinky1",
      "offset": [
        -0.00028405763441696763,
        0.9999998807907104,
        2.943711385761105e-10,
        0.0,
        -3.498536216284265e-08,
        8.910230775427408e-08,
        0.9999997615814209,
        0.0,
        0.9999998807907104,
        0.0002841686946339905,
        -1.8243270005768863e-08,
        -0.0,
        -0.08457784354686737,
        -0.7263005375862122,
        -1.4252175092697144,
        1.0
      ],
      "parentId": 16
    },
    {
      "id": 26,
      "name": "mixamorig:LeftHandPinky2",
      "offset": [
        0.0013773145619779825,
        0.9999990463256836,
        2.351836701564025e-05,
        0.0,
        -9.8298141892883e-07,
        -2.3427619453286752e-05,
        0.9999997615814209,
        0.0,
        0.9999990463256836,
        -0.001377203268930316,
        8.975127911980962e-07,
        -0.0,
        -0.08583121746778488,
        -0.7551306486129761,
        -1.4252352714538574,
        1.0
      ],
      "parentId": 25
    },
    {
      "id": 27,
      "name": "mixamorig:LeftHandPinky3",
      "offset": [
        -0.0003381745773367584,
        0.9999998807907104,
        9.088854668881652e-11,
        0.0,
        1.4179119034452015e-07,
        8.936193296449346e-08,
        0.9999997615814209,
        0.0,
        0.9999998807907104,
        0.00033828566665761173,
        -1.9502475367971783e-07,
        -0.0,
        -0.08451496064662933,
        -0.768286943435669,
        -1.4252171516418457,
        1.0
      ],
      "parentId": 26
    },
    {
      "id": 28,
      "name": "mixamorig:LeftHandPinky4",
      "offset": [
        -0.0003386505413800478,
        0.9999998807907104,
        -7.580217243230436e-06,
        0.0,
        -3.345866446125001e-07,
        7.669508704566397e-06,
        0.9999997615814209,
        0.0,
        0.9999998807907104,
        0.0003387616598047316,
        2.787852793062484e-07,
        -0.0,
        -0.08451391011476517,
        -0.7884278893470764,
        -1.4252111911773682,
        1.0
      ],
      "parentId": 27
    },
    {
      "id": 29,
      "name": "mixamorig:LeftHandRing1",
      "offset": [
        -2.3258206056198105e-05,
        0.9999998807907104,
        2.7609108332882215e-09,
        0.0,
        -3.119095026704599e-08,
        8.664486017551098e-08,
        0.9999997615814209,
        0.0,
        0.9999998807907104,
        2.3369237169390544e-05,
        -2.2014363665334713e-08,
        -0.0,
        -0.0669613853096962,
        -0.7360517978668213,
        -1.4313174486160278,
        1.0
      ],
      "parentId": 16
    },
    {
      "id": 30,
      "name": "mixamorig:LeftHandRing2",
      "offset": [
        -0.0014687777729704976,
        0.9999986886978149,
        -4.8550122301094234e-05,
        0.0,
        -8.266521356325995e-10,
        4.86395692860242e-05,
        0.9999997615814209,
        0.0,
        0.999998927116394,
        0.0014688888331875205,
        -1.23822772479798e-07,
        -0.0,
        -0.0658540278673172,
        -0.7662180066108704,
        -1.4312800168991089,
        1.0
      ],
      "parentId": 29
    },
    {
      "id": 31,
      "name": "mixamorig:LeftHandRing3",
      "offset": [
        1.7100697732530534e-05,
        0.9999998807907104,
        1.0879262768437314e-11,
        0.0,
        -7.806381177033472e-07,
        8.941396600903317e-08,
        0.9999997615814209,
        0.0,
        1.0,
        -1.6989784853649326e-05,
        7.274365430021135e-07,
        -0.0,
        -0.06702394038438797,
        -0.7880499362945557,
        -1.4313182830810547,
        1.0
      ],
      "parentId": 30
    },
    {
      "id": 32,
      "name": "mixamorig:LeftHandRing4",
      "offset": [
        1.7755051885615103e-05,
        0.9999998807907104,
        6.979802492423914e-06,
        0.0,
        -1.2634389179311256e-07,
        -6.890391887282021e-06,
        0.9999997615814209,
        0.0,
        1.0,
        -1.7644271792960353e-05,
        7.301898818923291e-08,
        -0.0,
        -0.06702540814876556,
        -0.809901237487793,
        -1.4313240051269531,
        1.0
      ],
      "parentId": 31
    },
    {
      "id": 33,
      "name": "mixamorig:LeftHandThumb1",
      "offset": [
        0.5099042057991028,
        0.7745992541313171,
        0.374157190322876,
        0.0,
        0.023276738822460175,
        -0.4472140371799469,
        0.894123911857605,
        0.0,
        0.859916090965271,
        -0.4472084045410156,
        -0.24606655538082123,
        -0.0,
        -0.3938269317150116,
        0.12670278549194336,
        -1.5071942806243896,
        1.0000001192092896
      ],
      "parentId": 16
    },
    {
      "id": 34,
      "name": "mixamorig:LeftHandThumb2",
      "offset": [
        0.5099014043807983,
        0.774600088596344,
        0.37415921688079834,
        0.0,
        0.023278890177607536,
        -0.44721654057502747,
        0.8941226005554199,
        0.0,
        0.859917938709259,
        -0.4472042918205261,
        -0.24606823921203613,
        -0.0,
        -0.39382773637771606,
        0.09375178068876266,
        -1.5071957111358643,
        1.0
      ],
      "parentId": 33
    },
    {
      "id": 35,
      "name": "mixamorig:LeftHandThumb3",
      "offset": [
        0.5099007487297058,
        0.7746003866195679,
        0.3741596043109894,
        0.0,
        0.023278802633285522,
        -0.44721680879592896,
        0.8941225409507751,
        0.0,
        0.8599182963371277,
        -0.44720372557640076,
        -0.24606798589229584,
        -0.0,
        -0.39382702112197876,
        0.058184582740068436,
        -1.5071947574615479,
        1.0
      ],
      "parentId": 34
    },
    {
      "id": 36,
      "name": "mixamorig:LeftHandThumb4",
      "offset": [
        0.5099006295204163,
        0.7746001482009888,
        0.3741595447063446,
        0.0,
        0.023278767243027687,
        -0.4472166895866394,
        0.8941224217414856,
        0.0,
        0.8599182963371277,
        -0.4472036063671112,
        -0.24606791138648987,
        -0.0,
        -0.3938269019126892,
        0.024894671514630318,
        -1.5071946382522583,
        0.9999998807907104
      ],
      "parentId": 35
    },
    {
      "id": 37,
      "name": "mixamorig:LeftToeBase",
      "offset": [
        -0.9991578459739685,
        0.04103336110711098,
        -3.8559563108719885e-05,
        0.0,
        -1.5514813185291132e-06,
        -0.0009772074408829212,
        -0.9999995231628418,
        0.0,
        -0.041033368557691574,
        -0.9991570711135864,
        0.0009765296126715839,
        -0.0,
        0.10374738276004791,
        -0.06240757927298546,
        0.0001508160203229636,
        1.0
      ],
      "parentId": 14
    },
    {
      "id": 38,
      "name": "mixamorig:LeftToe_End",
      "offset": [
        -0.9991578459739685,
        0.04103336110711098,
        -3.856084731523879e-05,
        0.0,
        -1.5478833574888995e-06,
        -0.0009771283948794007,
        -0.9999995231628418,
        0.0,
        -0.041033364832401276,
        -0.9991570711135864,
        0.0009764436399564147,
        -0.0,
        0.10374738276004791,
        -0.20008958876132965,
        0.00015082114259712398,
        1.0
      ],
      "parentId": 37
    },
    {
      "id": 39,
      "name": "mixamorig:RightArm",
      "offset": [
        2.6123169050151773e-07,
        -0.9999997615814209,
        -5.815907684336707e-07,
        0.0,
        2.7861133844453434e-07,
        -5.581724167313951e-07,
        0.9999996423721313,
        0.0,
        -0.9999997615814209,
        -1.0046752407788517e-07,
        2.178134081987082e-07,
        -0.0,
        0.044505443423986435,
        -0.1531963348388672,
        -1.4286400079727173,
        1.0
      ],
      "parentId": 10
    },
    {
      "id": 40,
      "name": "mixamorig:RightFoot",
      "offset": [
        -0.9981458187103271,
        -0.05184846743941307,
        0.031884435564279556,
        0.0,
        0.030432559549808502,
        -0.8787605166435242,
        -0.47629064321517944,
        0.0,
        0.05271374434232712,
        -0.47443729639053345,
        0.8787091374397278,
        -0.0,
        -0.10296349972486496,
        0.14700746536254883,
        0.05448079854249954,
        1.0
      ],
      "parentId": 9
    },
    {
      "id": 41,
      "name": "mixamorig:RightForeArm",
      "offset": [
        -8.74208581080893e-08,
        -0.9999998807907104,
        -4.426359009812586e-05,
        0.0,
        3.178651297730539e-08,
        -4.4233787775738165e-05,
        0.9999997615814209,
        0.0,
        -0.9999997615814209,
        2.499232039099297e-07,
        -2.9204207052657694e-08,
        -0.0,
        0.04450566694140434,
        -0.39887285232543945,
        -1.4286572933197021,
        1.0
      ],
      "parentId": 39
    },
    {
      "id": 42,
      "name": "mixamorig:RightHand",
      "offset": [
        -8.742090074065345e-08,
        -0.9999998807907104,
        -4.245272066327743e-05,
        0.0,
        3.1786502319164356e-08,
        -4.242291834088974e-05,
        0.9999997615814209,
        0.0,
        -0.9999997615814209,
        2.499232039099297e-07,
        -2.92046582472949e-08,
        -0.0,
        0.044505663216114044,
        -0.6298413872718811,
        -1.4286561012268066,
        1.0
      ],
      "parentId": 41
    },
    {
      "id": 43,
      "name": "mixamorig:RightHandIndex1",
      "offset": [
        0.004895986057817936,
        -0.9999879002571106,
        -3.1292950453121193e-09,
        0.0,
        2.2264639198965597e-07,
        2.7749974762514285e-08,
        0.9999997615814209,
        0.0,
        -0.9999877214431763,
        -0.004895822610706091,
        1.6177784800675e-07,
        -0.0,
        0.024866465479135513,
        -0.740833044052124,
        -1.4263395071029663,
        1.0
      ],
      "parentId": 42
    },
    {
      "id": 44,
      "name": "mixamorig:RightHandIndex2",
      "offset": [
        0.00922409351915121,
        -0.9999573826789856,
        -4.362471273111623e-09,
        0.0,
        6.091626119086868e-07,
        3.1049658844040096e-08,
        0.9999997615814209,
        0.0,
        -0.999957263469696,
        -0.009223929606378078,
        5.484214398165932e-07,
        -0.0,
        0.028184691444039345,
        -0.7667189836502075,
        -1.4263397455215454,
        1.0
      ],
      "parentId": 43
    },
    {
      "id": 45,
      "name": "mixamorig:RightHandIndex3",
      "offset": [
        0.011158113367855549,
        -0.9999377131462097,
        -0.00041633707587607205,
        0.0,
        7.799591799084737e-07,
        -0.00041632441570982337,
        0.9999997615814209,
        0.0,
        -0.9999375939369202,
        -0.011157948523759842,
        -3.926418230548734e-06,
        -0.0,
        0.029706012457609177,
        -0.7860693335533142,
        -1.426667332649231,
        1.0
      ],
      "parentId": 44
    },
    {
      "id": 46,
      "name": "mixamorig:RightHandIndex4",
      "offset": [
        0.011158662848174572,
        -0.9999375939369202,
        -0.00040390188223682344,
        0.0,
        2.307523629951902e-07,
        -0.00040389466448687017,
        0.9999998807907104,
        0.0,
        -0.9999375939369202,
        -0.01115849707275629,
        -4.33712148151244e-06,
        -0.0,
        0.029707232490181923,
        -0.8106414079666138,
        -1.4266571998596191,
        1.0
      ],
      "parentId": 45
    },
    {
      "id": 47,
      "name": "mixamorig:RightHandMiddle1",
      "offset": [
        -0.0006724288687109947,
        -0.9999997615814209,
        -9.863264371912095e-11,
        0.0,
        3.3064413429428896e-08,
        2.9672765577970495e-08,
        0.9999997615814209,
        0.0,
        -0.9999995231628418,
        0.0006725912098772824,
        -2.795732001459328e-08,
        -0.0,
        0.04400487616658211,
        -0.7444065809249878,
        -1.4286396503448486,
        1.0
      ],
      "parentId": 42
    },
    {
      "id": 48,
      "name": "mixamorig:RightHandMiddle2",
      "offset": [
        -0.0007746972260065377,
        -0.9999996423721313,
        -3.6738659336954527e-10,
        0.0,
        -3.37718148557542e-07,
        2.968972445671625e-08,
        0.9999997615814209,
        0.0,
        -0.999999463558197,
        0.0007748596253804862,
        -3.9874285562291334e-07,
        -0.0,
        0.04392630606889725,
        -0.7734110951423645,
        -1.428639531135559,
        1.0
      ],
      "parentId": 47
    },
    {
      "id": 49,
      "name": "mixamorig:RightHandMiddle3",
      "offset": [
        -3.1598599889548495e-05,
        -1.000000238418579,
        2.8093935164341666e-11,
        0.0,
        1.0253776281388127e-06,
        2.9791175748528076e-08,
        0.9999997615814209,
        0.0,
        -0.9999998807907104,
        3.176103564328514e-05,
        9.643749763199594e-07,
        -0.0,
        0.04451392963528633,
        -0.7933787107467651,
        -1.4286396503448486,
        1.0
      ],
      "parentId": 48
    },
    {
      "id": 50,
      "name": "mixamorig:RightHandMiddle4",
      "offset": [
        -3.055496563320048e-05,
        -1.0000001192092896,
        -4.721663598300507e-12,
        0.0,
        -1.8245465582822362e-08,
        2.979131430436155e-08,
        0.9999997615814209,
        0.0,
        -0.9999997615814209,
        3.0717426852788776e-05,
        -7.92482168776587e-08,
        -0.0,
        0.04451627656817436,
        -0.8162283301353455,
        -1.428639531135559,
        1.0
      ],
      "parentId": 49
    },
    {
      "id": 51,
      "name": "mixamorig:RightHandPinky1",
      "offset": [
        -0.00028612857568077743,
        -0.9999998807907104,
        1.3979103430372675e-09,
        0.0,
        8.987516508796034e-08,
        3.1164258729177163e-08,
        0.9999997615814209,
        0.0,
        -0.9999997615814209,
        0.0002862910332623869,
        2.8864453938126644e-08,
        -0.0,
        0.08457637578248978,
        -0.7262070178985596,
        -1.4252196550369263,
        1.0
      ],
      "parentId": 42
    },
    {
      "id": 52,
      "name": "mixamorig:RightHandPinky2",
      "offset": [
        0.0013786982744932175,
        -0.9999990463256836,
        -8.25350510158529e-10,
        0.0,
        7.351076760642172e-07,
        2.998198667114593e-08,
        0.9999997615814209,
        0.0,
        -0.999998927116394,
        -0.0013785356422886252,
        6.741466904713889e-07,
        -0.0,
        0.0858326330780983,
        -0.7550714015960693,
        -1.4252195358276367,
        1.0
      ],
      "parentId": 51
    },
    {
      "id": 53,
      "name": "mixamorig:RightHandPinky3",
      "offset": [
        -0.00033692948636598885,
        -1.0,
        -7.580451892863493e-06,
        0.0,
        -8.464743359581917e-07,
        -7.550373084086459e-06,
        0.9999997615814209,
        0.0,
        -0.9999997615814209,
        0.0003370918275322765,
        -9.049309142028505e-07,
        -0.0,
        0.08451707661151886,
        -0.768182635307312,
        -1.425225019454956,
        1.0
      ],
      "parentId": 52
    },
    {
      "id": 54,
      "name": "mixamorig:RightHandPinky4",
      "offset": [
        -0.0003378764959052205,
        -0.9999998807907104,
        7.580107649118872e-06,
        0.0,
        1.0105036096774711e-07,
        7.609864496771479e-06,
        0.9999997615814209,
        0.0,
        -0.9999997615814209,
        0.0003380391572136432,
        3.747608445792139e-08,
        -0.0,
        0.08451499044895172,
        -0.7883344292640686,
        -1.4252134561538696,
        1.0
      ],
      "parentId": 53
    },
    {
      "id": 55,
      "name": "mixamorig:RightHandRing1",
      "offset": [
        -2.3451726519851945e-05,
        -0.9999998807907104,
        4.359868910341902e-09,
        0.0,
        3.107088275555725e-08,
        3.415362215264395e-08,
        0.9999997615814209,
        0.0,
        -0.9999997615814209,
        2.361422411922831e-05,
        -2.993169445630883e-08,
        -0.0,
        0.0669613853096962,
        -0.7359585165977478,
        -1.4313195943832397,
        1.0
      ],
      "parentId": 42
    },
    {
      "id": 56,
      "name": "mixamorig:RightHandRing2",
      "offset": [
        -0.0014676469145342708,
        -0.9999988675117493,
        -8.907340975916611e-10,
        0.0,
        -4.7037454464771145e-07,
        2.9593508088510134e-08,
        0.9999997615814209,
        0.0,
        -0.9999985694885254,
        0.0014678090810775757,
        -5.314190616445558e-07,
        -0.0,
        0.06585581600666046,
        -0.7660554051399231,
        -1.4313193559646606,
        1.0
      ],
      "parentId": 55
    },
    {
      "id": 57,
      "name": "mixamorig:RightHandRing3",
      "offset": [
        1.7797616237658076e-05,
        -1.0000001192092896,
        6.97960012985277e-06,
        0.0,
        6.23978223757149e-07,
        7.009403361735167e-06,
        0.9999997615814209,
        0.0,
        -0.9999998807907104,
        -1.7634987671044655e-05,
        5.631002295558574e-07,
        -0.0,
        0.06702481210231781,
        -0.7879670262336731,
        -1.43131422996521,
        1.0
      ],
      "parentId": 56
    },
    {
      "id": 58,
      "name": "mixamorig:RightHandRing4",
      "offset": [
        1.7797759937820956e-05,
        -1.0,
        -6.9795896706636995e-06,
        0.0,
        3.856221155729145e-07,
        -6.949784619791899e-06,
        0.9999997615814209,
        0.0,
        -0.9999997615814209,
        -1.763523687259294e-05,
        3.244977051508613e-07,
        -0.0,
        0.06702514737844467,
        -0.8098090291023254,
        -1.4313251972198486,
        1.0
      ],
      "parentId": 57
    },
    {
      "id": 59,
      "name": "mixamorig:RightHandThumb1",
      "offset": [
        0.5076413154602051,
        -0.7745696306228638,
        -0.37728217244148254,
        0.0,
        -0.01787477917969227,
        -0.4472756087779999,
        0.8942170739173889,
        0.0,
        -0.8613828420639038,
        -0.44719764590263367,
        -0.2409008890390396,
        -0.0,
        0.38467180728912354,
        0.12688112258911133,
        -1.5095024108886719,
        0.9999998807907104
      ],
      "parentId": 42
    },
    {
      "id": 60,
      "name": "mixamorig:RightHandThumb2",
      "offset": [
        0.5076342225074768,
        -0.7746573686599731,
        -0.377111554145813,
        0.0,
        -0.017879219725728035,
        -0.4470787048339844,
        0.8943156003952026,
        0.0,
        -0.8613870739936829,
        -0.4472426474094391,
        -0.24080276489257813,
        -0.0,
        0.38467296957969666,
        0.09359028935432434,
        -1.5095223188400269,
        1.0
      ],
      "parentId": 59
    },
    {
      "id": 61,
      "name": "mixamorig:RightHandThumb3",
      "offset": [
        0.507626473903656,
        -0.7745834589004517,
        -0.3772735893726349,
        0.0,
        -0.01788276433944702,
        -0.44726523756980896,
        0.8942221403121948,
        0.0,
        -0.8613914251327515,
        -0.44718417525291443,
        -0.24089540541172028,
        -0.0,
        0.384672611951828,
        0.05833792686462402,
        -1.5095089673995972,
        1.0
      ],
      "parentId": 60
    },
    {
      "id": 62,
      "name": "mixamorig:RightHandThumb4",
      "offset": [
        0.5076263546943665,
        -0.7745851874351501,
        -0.37727057933807373,
        0.0,
        -0.017882760614156723,
        -0.4472617208957672,
        0.8942243456840515,
        0.0,
        -0.8613917827606201,
        -0.44718506932258606,
        -0.24089354276657104,
        -0.0,
        0.384672611951828,
        0.025040466338396072,
        -1.509509801864624,
        1.0000001192092896
      ],
      "parentId": 61
    },
    {
      "id": 63,
      "name": "mixamorig:RightToeBase",
      "offset": [
        -0.9991574287414551,
        -0.04104616865515709,
        4.1684012103360146e-05,
        0.0,
        -1.5440991774084978e-06,
        -0.0009777045343071222,
        -0.9999989867210388,
        0.0,
        0.041046179831027985,
        -0.999156653881073,
        0.000976921757683158,
        -0.0,
        -0.10374612361192703,
        -0.06240895763039589,
        0.00015084369806572795,
        1.0
      ],
      "parentId": 40
    },
    {
      "id": 64,
      "name": "mixamorig:RightToe_End",
      "offset": [
        -0.9991573691368103,
        -0.04104616120457649,
        4.169897147221491e-05,
        0.0,
        -1.566654418638791e-06,
        -0.000977643416263163,
        -0.999998927116394,
        0.0,
        0.04104618355631828,
        -0.9991565346717834,
        0.0009768211748450994,
        -0.0,
        -0.10374613851308823,
        -0.20009055733680725,
        0.00015082667232491076,
        1.0
      ],
      "parentId": 63
    }
  ]
}