{
  "bones": [
    {
      "id": 0,
      "name": "mixamorig:Hips",
      "offset": [
        1.0,
        1.641030053178838e-06,
        -2.1102584923937684e-07,
        -0.0001732849923428148,
        -1.641030053178838e-06,
        1.0,
        -4.371124617819078e-08,
        -105.24624633789063,
        2.1102576397424855e-07,
        4.371159079141762e-08,
        1.0,
        1.7651468515396118,
        0.0,
        0.0,
        -0.0,
        1.0
      ],
      "parentId": -1
    },
    {
      "id": 1,
      "name": "mixamorig:LeftUpLeg",
      "offset": [
        -1.0,
        -4.804026954019491e-09,
        1.9820069496745418e-07,
        9.688765525817871,
        -2.0027446367976154e-09,
        -0.9994105696678162,
        -0.03433084860444069,
        99.49971008300781,
        1.9827541564154672e-07,
        -0.0343308262526989,
        0.9994102120399475,
        3.494494915008545,
        0.0,
        0.0,
        -0.0,
        1.0
      ],
      "parentId": 0
    },
    {
      "id": 2,
      "name": "mixamorig:RightUpLeg",
      "offset": [
        -1.0,
        3.3831997203748188e-09,
        -4.020095900614251e-08,
        -9.688758850097656,
        -2.0002741685232195e-09,
        -0.999410092830658,
        -0.034330833703279495,
        99.49968719482422,
        -4.027633337955194e-08,
        -0.034330833703279495,
        0.9994102716445923,
        3.4944944381713867,
        0.0,
        0.0,
        -0.0,
        1.0
      ],
      "parentId": 0
    },
    {
      "id": 3,
      "name": "mixamorig:Spine",
      "offset": [
        1.0,
        -1.3292721957880449e-11,
        -8.742361501390405e-08,
        -0.004643598571419716,
        5.5238817964209375e-09,
        0.9980115294456482,
        0.06303320825099945,
        -110.14427947998047,
        8.724894229317215e-08,
        -0.06303320825099945,
        0.9980115294456482,
        8.984599113464355,
        0.0,
        0.0,
        -0.0,
        1.0
      ],
      "parentId": 0
    },
    {
      "id": 4,
      "name": "mixamorig:Spine1",
      "offset": [
        1.0,
        4.576209846989237e-16,
        -8.742277657347586e-08,
        -0.004643599968403578,
        1.1679579969836595e-08,
        0.9910354018211365,
        0.13359880447387695,
        -120.2696533203125,
        8.66390763576419e-08,
        -0.13359880447387695,
        0.9910354018211365,
        17.551610946655273,
        0.0,
        0.0,
        -0.0,
        1.0
      ],
      "parentId": 3
    },
    {
      "id": 5,
      "name": "mixamorig:Spine2",
      "offset": [
        1.0,
        -3.1089681550503286e-19,
        -8.742277657347586e-08,
        -0.004643599037081003,
        -4.118984850193155e-15,
        0.9999998807907104,
        -5.820765380804005e-08,
        -129.60528564453125,
        8.742278367890322e-08,
        3.4924592995366766e-08,
        1.0,
        0.23866505920886993,
        0.0,
        0.0,
        -0.0,
        1.0
      ],
      "parentId": 4
    },
    {
      "id": 6,
      "name": "mixamorig:LeftLeg",
      "offset": [
        -1.0,
        7.499426857293656e-09,
        3.807796815635811e-07,
        9.688764572143555,
        3.255372149624236e-08,
        -0.9944652318954468,
        0.1050669476389885,
        56.26999282836914,
        3.7948643694107886e-07,
        0.10506701469421387,
        0.9944648742675781,
        -4.377809524536133,
        0.0,
        0.0,
        -0.0,
        1.0
      ],
      "parentId": 1
    },
    {
      "id": 7,
      "name": "mixamorig:LeftShoulder",
      "offset": [
        -0.005157419014722109,
        -9.028002523336909e-08,
        0.9999865293502808,
        -4.371436595916748,
        0.982661783695221,
        -0.18533635139465332,
        0.00506816990673542,
        20.535734176635742,
        0.18533393740653992,
        0.9826749563217163,
        0.0009559145546518266,
        -143.233642578125,
        0.0,
        0.0,
        -0.0,
        1.0
      ],
      "parentId": 5
    },
    {
      "id": 8,
      "name": "mixamorig:Neck",
      "offset": [
        1.0,
        -3.109070518651132e-19,
        -8.742277657347586e-08,
        0.10755699872970581,
        -6.398853225308672e-15,
        0.9999998807907104,
        -8.428630593471098e-08,
        -148.5248260498047,
        8.742278367890322e-08,
        5.448398709972935e-08,
        1.0,
        -3.497450828552246,
        0.0,
        0.0,
        -0.0,
        1.0
      ],
      "parentId": 5
    },
    {
      "id": 9,
      "name": "mixamorig:RightLeg",
      "offset": [
        -1.0,
        7.500168486274106e-09,
        3.807866164606821e-07,
        -9.688758850097656,
        3.255268055113447e-08,
        -0.994464635848999,
        0.10506704449653625,
        56.26993179321289,
        3.79483935830649e-07,
        0.10506702214479446,
        0.9944647550582886,
        -4.377799034118652,
        0.0,
        0.0,
        -0.0,
        1.0
      ],
      "parentId": 2
    },
    {
      "id": 10,
      "name": "mixamorig:RightShoulder",
      "offset": [
        -0.005157394800335169,
        3.6146939663694866e-08,
        -0.9999865889549255,
        4.371490478515625,
        -0.9826750755310059,
        -0.1852664351463318,
        0.005068275146186352,
        20.53463363647461,
        -0.18526403605937958,
        0.9826881885528564,
        0.0009554980206303298,
        -143.23321533203125,
        0.0,
        0.0,
        -0.0,
        1.0
      ],
      "parentId": 5
    },
    {
      "id": 11,
      "name": "mixamorig:Head",
      "offset": [
        1.0,
        -1.3994581785238002e-22,
        -8.742277657347586e-08,
        0.10755699872970581,
        -5.404606375338048e-15,
        0.9999998807907104,
        -7.290989856301167e-08,
        -157.1977996826172,
        8.742278367890322e-08,
        4.310759038617107e-08,
        1.0,
        -0.1781414896249771,
        0.0,
        0.0,
        -0.0,
        1.0
      ],
      "parentId": 8
    },
    {
      "id": 12,
      "name": "mixamorig:HeadTop_End",
      "offset": [
        1.0,
        -1.3995712696231727e-22,
        -8.742277657347586e-08,
        0.10755699872970581,
        -5.404607645887469e-15,
        0.9999998807907104,
        -7.290990566843902e-08,
        -175.943115234375,
        8.742278367890322e-08,
        4.310759038617107e-08,
        1.0,
        9.193199157714844,
        0.0,
        0.0,
        -0.0,
        1.0
      ],
      "parentId": 11
    },
    {
      "id": 13,
      "name": "mixamorig:LeftArm",
      "offset": [
        6.88689510752738e-07,
        -2.6295886357274867e-08,
        0.9999998807907104,
        -4.450572967529297,
        0.9999997615814209,
        -2.421832050458761e-06,
        -5.77526463985123e-07,
        -15.328619003295898,
        2.514379502827069e-06,
        0.9999997615814209,
        -2.6817760456765427e-08,
        -142.86354064941406,
        0.0,
        0.0,
        -0.0,
        1.0
      ],
      "parentId": 7
    },
    {
      "id": 14,
      "name": "mixamorig:LeftFoot",
      "offset": [
        -0.9981458783149719,
        -0.030435847118496895,
        -0.05271318182349205,
        10.296406745910645,
        0.0518510565161705,
        -0.8787612915039063,
        -0.4744362533092499,
        14.700769424438477,
        -0.031882449984550476,
        -0.47628992795944214,
        0.8787097334861755,
        5.4480791091918945,
        0.0,
        0.0,
        -0.0,
        1.0
      ],
      "parentId": 6
    },
    {
      "id": 15,
      "name": "mixamorig:LeftForeArm",
      "offset": [
        2.525852380586002e-07,
        1.4166832151829567e-08,
        0.9999998807907104,
        -4.450562953948975,
        0.9999998807907104,
        -5.712436177418567e-07,
        -1.415542669747083e-07,
        -39.90275955200195,
        6.606504712181049e-07,
        0.9999997615814209,
        -6.73702089670769e-08,
        -142.86349487304688,
        0.0,
        0.0,
        -0.0,
        1.0
      ],
      "parentId": 13
    },
    {
      "id": 16,
      "name": "mixamorig:LeftHand",
      "offset": [
        1.8569178905636363e-07,
        -5.272658043509182e-08,
        0.9999998807907104,
        -4.45054817199707,
        0.9999998807907104,
        -1.4829000747340615e-06,
        -7.466088902674528e-08,
        -62.99922561645508,
        1.5723070418971474e-06,
        0.9999997615814209,
        -4.768079264749758e-10,
        -142.86351013183594,
        0.0,
        0.0,
        -0.0,
        1.0
      ],
      "parentId": 15
    },
    {
      "id": 17,
      "name": "mixamorig:LeftHandIndex1",
      "offset": [
        0.004897572100162506,
        -1.02780255417656e-08,
        0.9999879598617554,
        -2.4868106842041016,
        0.9999879598617554,
        -6.44674219074659e-05,
        -0.0048974608071148396,
        -74.08342742919922,
        6.455610127886757e-05,
        0.9999997615814209,
        -3.586520733733778e-07,
        -142.6387939453125,
        0.0,
        0.0,
        -0.0,
        1.0
      ],
      "parentId": 16
    },
    {
      "id": 18,
      "name": "mixamorig:LeftHandIndex2",
      "offset": [
        0.00922089722007513,
        -9.990277476390474e-07,
        0.999957263469696,
        -2.818221092224121,
        0.9999573230743408,
        -0.00012197883188491687,
        -0.009220785461366177,
        -76.6637954711914,
        0.00012207229156047106,
        0.9999997615814209,
        -1.7895892767683108e-07,
        -142.64315795898438,
        0.0,
        0.0,
        -0.0,
        1.0
      ],
      "parentId": 17
    },
    {
      "id": 19,
      "name": "mixamorig:LeftHandIndex3",
      "offset": [
        0.011161576956510544,
        2.440882553855772e-07,
        0.9999375939369202,
        -2.9710912704467773,
        0.9999375939369202,
        -0.00015526419156230986,
        -0.01116146706044674,
        -78.65348052978516,
        0.0001553412148496136,
        0.9999997615814209,
        -2.0302529719629092e-06,
        -142.64576721191406,
        0.0,
        0.0,
        -0.0,
        1.0
      ],
      "parentId": 18
    },
    {
      "id": 20,
      "name": "mixamorig:LeftHandIndex4",
      "offset": [
        0.011161480098962784,
        1.477218916079437e-07,
        0.9999376535415649,
        -2.971069812774658,
        0.9999376535415649,
        -0.00016147838323377073,
        -0.01116137020289898,
        -81.10808563232422,
        0.0001615560904610902,
        0.9999997615814209,
        -2.0032359770993935e-06,
        -142.6462860107422,
        0.0,
        0.0,
        -0.0,
        1.0
      ],
      "parentId": 19
    },
    {
      "id": 21,
      "name": "mixamorig:LeftHandMiddle1",
      "offset": [
        -0.0006738984957337379,
        1.108380018877142e-07,
        0.9999997615814209,
        -4.400358200073242,
        0.9999997615814209,
        1.5874378732405603e-05,
        0.0006740095559507608,
        -74.45223999023438,
        -1.5784895367687568e-05,
        0.9999997615814209,
        -1.7474079072599125e-07,
        -142.86233520507813,
        0.0,
        0.0,
        -0.0,
        1.0
      ],
      "parentId": 16
    },
    {
      "id": 22,
      "name": "mixamorig:LeftHandMiddle2",
      "offset": [
        -0.0007728535565547645,
        9.926360178269533e-08,
        0.9999996423721313,
        -4.392702102661133,
        0.9999996423721313,
        1.5347948647104204e-05,
        0.0007729645003564656,
        -77.35259246826172,
        -1.5258462553902064e-05,
        0.9999997615814209,
        -1.6433028804385685e-07,
        -142.8623809814453,
        0.0,
        0.0,
        -0.0,
        1.0
      ],
      "parentId": 21
    },
    {
      "id": 23,
      "name": "mixamorig:LeftHandMiddle3",
      "offset": [
        -3.1005885830381885e-05,
        -8.461143465865462e-07,
        1.0,
        -4.451432228088379,
        1.0000001192092896,
        8.94086156222329e-08,
        3.1116964237298816e-05,
        -79.34717559814453,
        -2.36920899565618e-11,
        0.9999997615814209,
        7.929085086288978e-07,
        -142.8635711669922,
        0.0,
        0.0,
        -0.0,
        1.0
      ],
      "parentId": 22
    },
    {
      "id": 24,
      "name": "mixamorig:LeftHandMiddle4",
      "offset": [
        -2.9545193683588877e-05,
        6.147519115984323e-07,
        0.9999998807907104,
        -4.4517598152160645,
        1.0,
        8.940964590919975e-08,
        2.9656239348696545e-05,
        -81.63217163085938,
        1.8439662990976657e-11,
        0.9999997615814209,
        -6.679579769297561e-07,
        -142.8635711669922,
        0.0,
        0.0,
        -0.0,
        1.0
      ],
      "parentId": 23
    },
    {
      "id": 25,
      "name": "mixamorig:LeftHandPinky1",
      "offset": [
        -0.00028405763441696763,
        8.422389896622917e-08,
        0.9999998807907104,
        -8.457784652709961,
        0.9999998807907104,
        8.913619353734248e-08,
        0.0002841686946339905,
        -72.63005828857422,
        2.9434896187119364e-10,
        0.9999997615814209,
        -1.3745253113484068e-07,
        -142.52175903320313,
        0.0,
        0.0,
        -0.0,
        1.0
      ],
      "parentId": 16
    },
    {
      "id": 26,
      "name": "mixamorig:LeftHandPinky2",
      "offset": [
        0.0013773145619779825,
        -8.637721293780487e-07,
        0.9999990463256836,
        -8.583123207092285,
        0.9999990463256836,
        -2.342778316233307e-05,
        -0.001377203268930316,
        -75.51306915283203,
        2.351836701564025e-05,
        0.9999997615814209,
        7.783035584907338e-07,
        -142.5235137939453,
        0.0,
        0.0,
        -0.0,
        1.0
      ],
      "parentId": 25
    },
    {
      "id": 27,
      "name": "mixamorig:LeftHandPinky3",
      "offset": [
        -0.0003381745773367584,
        2.610005083170108e-07,
        0.9999998807907104,
        -8.451496124267578,
        0.9999998807907104,
        8.940227047560256e-08,
        0.00033828566665761173,
        -76.82869720458984,
        9.012497692584276e-11,
        0.9999997615814209,
        -3.1423400059793494e-07,
        -142.52171325683594,
        0.0,
        0.0,
        -0.0,
        1.0
      ],
      "parentId": 26
    },
    {
      "id": 28,
      "name": "mixamorig:LeftHandPinky4",
      "offset": [
        -0.0003386505413800478,
        -2.1537738348342828e-07,
        0.9999998807907104,
        -8.451391220092773,
        0.9999998807907104,
        7.669549631827977e-06,
        0.0003387616598047316,
        -78.84278869628906,
        -7.580217243230436e-06,
        0.9999997615814209,
        1.5957604659888602e-07,
        -142.5211181640625,
        0.0,
        0.0,
        -0.0,
        1.0
      ],
      "parentId": 27
    },
    {
      "id": 29,
      "name": "mixamorig:LeftHandRing1",
      "offset": [
        -2.3258206056198105e-05,
        8.801831086202583e-08,
        0.9999998807907104,
        -6.696138381958008,
        0.9999998807907104,
        8.664765971388988e-08,
        2.3369237169390544e-05,
        -73.60517883300781,
        2.760888628827729e-09,
        0.9999997615814209,
        -1.4122360880719498e-07,
        -143.13174438476563,
        0.0,
        0.0,
        -0.0,
        1.0
      ],
      "parentId": 16
    },
    {
      "id": 30,
      "name": "mixamorig:LeftHandRing2",
      "offset": [
        -0.0014687777729704976,
        1.1838250912887816e-07,
        0.999998927116394,
        -6.585402965545654,
        0.9999986886978149,
        4.863974390900694e-05,
        0.0014688888331875205,
        -76.6218032836914,
        -4.8550122301094234e-05,
        0.9999997615814209,
        -2.4303204781972454e-07,
        -143.1280059814453,
        0.0,
        0.0,
        -0.0,
        1.0
      ],
      "parentId": 29
    },
    {
      "id": 31,
      "name": "mixamorig:LeftHandRing3",
      "offset": [
        1.7100692275562324e-05,
        -6.61428828152566e-07,
        1.0,
        -6.702394485473633,
        0.9999998807907104,
        8.941194806766362e-08,
        -1.6989784853649326e-05,
        -78.80499267578125,
        9.756462998611326e-12,
        0.9999997615814209,
        6.082272534513322e-07,
        -143.1318359375,
        0.0,
        0.0,
        -0.0,
        1.0
      ],
      "parentId": 30
    },
    {
      "id": 32,
      "name": "mixamorig:LeftHandRing4",
      "offset": [
        1.7755051885615103e-05,
        -7.1346142327399775e-09,
        1.0,
        -6.702540874481201,
        0.9999998807907104,
        -6.890394161018776e-06,
        -1.7644271792960353e-05,
        -80.99012756347656,
        6.979802492423914e-06,
        0.9999997615814209,
        -4.619025162355683e-08,
        -143.1324005126953,
        0.0,
        0.0,
        -0.0,
        1.0
      ],
      "parentId": 31
    },
    {
      "id": 33,
      "name": "mixamorig:LeftHandThumb1",
      "offset": [
        0.5099042654037476,
        0.02327687293291092,
        0.8599161505699158,
        -39.38269805908203,
        0.7745991349220276,
        -0.4472140371799469,
        -0.44720837473869324,
        12.670279502868652,
        0.3741571605205536,
        0.8941237330436707,
        -0.24606667459011078,
        -150.71942138671875,
        0.0,
        0.0,
        -0.0,
        1.0
      ],
      "parentId": 16
    },
    {
      "id": 34,
      "name": "mixamorig:LeftHandThumb2",
      "offset": [
        0.5099013447761536,
        0.023278990760445595,
        0.8599178791046143,
        -39.38276672363281,
        0.774600088596344,
        -0.44721654057502747,
        -0.44720417261123657,
        9.375173568725586,
        0.37415918707847595,
        0.8941224813461304,
        -0.2460683137178421,
        -150.7195587158203,
        0.0,
        0.0,
        -0.0,
        0.9999998807907104
      ],
      "parentId": 33
    },
    {
      "id": 35,
      "name": "mixamorig:LeftHandThumb3",
      "offset": [
        0.5099007487297058,
        0.02327890694141388,
        0.8599183559417725,
        -39.3827018737793,
        0.7746003866195679,
        -0.44721686840057373,
        -0.447203665971756,
        5.818458557128906,
        0.37415963411331177,
        0.8941224813461304,
        -0.2460680902004242,
        -150.719482421875,
        0.0,
        0.0,
        -0.0,
        1.0
      ],
      "parentId": 34
    },
    {
      "id": 36,
      "name": "mixamorig:LeftHandThumb4",
      "offset": [
        0.509900689125061,
        0.023278890177607536,
        0.8599183559417725,
        -39.382694244384766,
        0.7746002674102783,
        -0.44721683859825134,
        -0.4472036361694336,
        2.4894635677337646,
        0.3741596043109894,
        0.8941224813461304,
        -0.2460680454969406,
        -150.719482421875,
        0.0,
        0.0,
        -0.0,
        1.0
      ],
      "parentId": 35
    },
    {
      "id": 37,
      "name": "mixamorig:LeftToeBase",
      "offset": [
        -0.9991578459739685,
        -1.555305061629042e-06,
        -0.041033364832401276,
        10.374738693237305,
        0.04103335738182068,
        -0.0009773005731403828,
        -0.9991570711135864,
        -6.240758895874023,
        -3.855721661238931e-05,
        -0.9999996423721313,
        0.0009766231523826718,
        0.015082121826708317,
        0.0,
        0.0,
        -0.0,
        1.0
      ],
      "parentId": 14
    },
    {
      "id": 38,
      "name": "mixamorig:LeftToe_End",
      "offset": [
        -0.9991578459739685,
        -1.5527764389844378e-06,
        -0.041033364832401276,
        10.374738693237305,
        0.04103336110711098,
        -0.0009772476041689515,
        -0.9991570711135864,
        -20.00895881652832,
        -3.8560840039281175e-05,
        -0.9999995231628418,
        0.0009765626164153218,
        0.01508211437612772,
        0.0,
        0.0,
        -0.0,
        1.0
      ],
      "parentId": 37
    },
    {
      "id": 39,
      "name": "mixamorig:RightArm",
      "offset": [
        2.614705181258614e-07,
        1.5937668251808645e-07,
        -0.9999997615814209,
        4.450544357299805,
        -0.9999997615814209,
        -5.581724167313951e-07,
        -1.004674530236116e-07,
        -15.319634437561035,
        -5.822056436954881e-07,
        0.9999996423721313,
        9.860733740651995e-08,
        -142.86399841308594,
        0.0,
        0.0,
        -0.0,
        1.0
      ],
      "parentId": 10
    },
    {
      "id": 40,
      "name": "mixamorig:RightFoot",
      "offset": [
        -0.9981458783149719,
        0.030432570725679398,
        0.05271374061703682,
        -10.296351432800293,
        -0.05184846743941307,
        -0.8787606358528137,
        -0.4744371771812439,
        14.700746536254883,
        0.031884435564279556,
        -0.4762905538082123,
        0.8787091970443726,
        5.448080062866211,
        0.0,
        0.0,
        -0.0,
        1.0
      ],
      "parentId": 9
    },
    {
      "id": 41,
      "name": "mixamorig:RightForeArm",
      "offset": [
        -8.742085100266195e-08,
        -8.742274815176643e-08,
        -0.9999997615814209,
        4.45056676864624,
        -0.9999998807907104,
        -4.4233787775738165e-05,
        2.499284903478838e-07,
        -39.88728713989258,
        -4.426359009812586e-05,
        0.9999997615814209,
        -1.484134770635137e-07,
        -142.86573791503906,
        0.0,
        0.0,
        -0.0,
        1.0
      ],
      "parentId": 39
    },
    {
      "id": 42,
      "name": "mixamorig:RightHand",
      "offset": [
        -8.742090074065345e-08,
        -8.742275525719378e-08,
        -0.9999997615814209,
        4.450566291809082,
        -0.9999998807907104,
        -4.242291834088974e-05,
        2.4992826297420834e-07,
        -62.9841423034668,
        -4.245272066327743e-05,
        0.9999997615814209,
        -1.4841391760000988e-07,
        -142.86561584472656,
        0.0,
        0.0,
        -0.0,
        1.0
      ],
      "parentId": 41
    },
    {
      "id": 43,
      "name": "mixamorig:RightHandIndex1",
      "offset": [
        0.004895986057817936,
        1.0343857326233774e-07,
        -0.9999877214431763,
        2.4866466522216797,
        -0.9999879002571106,
        2.7166336735717778e-08,
        -0.004895822610706091,
        -74.08330535888672,
        -3.1293057034531557e-09,
        0.9999997615814209,
        4.256859753581921e-08,
        -142.6339569091797,
        0.0,
        0.0,
        -0.0,
        1.0
      ],
      "parentId": 42
    },
    {
      "id": 44,
      "name": "mixamorig:RightHandIndex2",
      "offset": [
        0.00922409351915121,
        4.89958438265603e-07,
        -0.999957263469696,
        2.818469524383545,
        -0.9999573826789856,
        2.995006909145559e-08,
        -0.009223929606378078,
        -76.6718978881836,
        -4.36248193125266e-09,
        0.9999997615814209,
        4.292122071092308e-07,
        -142.63397216796875,
        0.0,
        0.0,
        -0.0,
        1.0
      ],
      "parentId": 43
    },
    {
      "id": 45,
      "name": "mixamorig:RightHandIndex3",
      "offset": [
        0.011158113367855549,
        6.607576779060764e-07,
        -0.9999375939369202,
        2.9706013202667236,
        -0.9999377131462097,
        -0.0004163257544860244,
        -0.011157948523759842,
        -78.60693359375,
        -0.0004163371049799025,
        0.9999997615814209,
        -4.045627520099515e-06,
        -142.66673278808594,
        0.0,
        0.0,
        -0.0,
        1.0
      ],
      "parentId": 44
    },
    {
      "id": 46,
      "name": "mixamorig:RightHandIndex4",
      "offset": [
        0.011158662848174572,
        1.1154993728723639e-07,
        -0.9999375939369202,
        2.9707236289978027,
        -0.9999375939369202,
        -0.0004038959741592407,
        -0.01115849707275629,
        -81.06414031982422,
        -0.00040390194044448435,
        0.9999998807907104,
        -4.456330771063222e-06,
        -142.6657257080078,
        0.0,
        0.0,
        -0.0,
        1.0
      ],
      "parentId": 45
    },
    {
      "id": 47,
      "name": "mixamorig:RightHandMiddle1",
      "offset": [
        -0.0006724288687109947,
        -8.614480861979246e-08,
        -0.9999995231628418,
        4.400487899780273,
        -0.9999997615814209,
        2.9752934338489467e-08,
        0.0006725912098772824,
        -74.44065856933594,
        -9.864306593776462e-11,
        0.9999997615814209,
        -1.4716657403823774e-07,
        -142.8639678955078,
        0.0,
        0.0,
        -0.0,
        1.0
      ],
      "parentId": 42
    },
    {
      "id": 48,
      "name": "mixamorig:RightHandMiddle2",
      "offset": [
        -0.0007746971677988768,
        -4.5692740968661383e-07,
        -0.999999463558197,
        4.392630577087402,
        -0.9999996423721313,
        2.9782084354224025e-08,
        0.0007748596253804862,
        -77.34111022949219,
        -3.673969739548255e-10,
        0.9999997615814209,
        -5.179521167519852e-07,
        -142.86395263671875,
        0.0,
        0.0,
        -0.0,
        1.0
      ],
      "parentId": 47
    },
    {
      "id": 49,
      "name": "mixamorig:RightHandMiddle3",
      "offset": [
        -3.1598599889548495e-05,
        9.061683954314503e-07,
        -0.9999998807907104,
        4.451393127441406,
        -1.000000238418579,
        2.97949505068118e-08,
        3.176103564328514e-05,
        -79.33787536621094,
        2.8083530292932757e-11,
        0.9999997615814209,
        8.45165743612597e-07,
        -142.8639678955078,
        0.0,
        0.0,
        -0.0,
        1.0
      ],
      "parentId": 48
    },
    {
      "id": 50,
      "name": "mixamorig:RightHandMiddle4",
      "offset": [
        -3.055496563320048e-05,
        -1.3745477644988568e-07,
        -0.9999997615814209,
        4.451627731323242,
        -1.0000001192092896,
        2.9794964717666517e-08,
        3.0717426852788776e-05,
        -81.62283325195313,
        -4.732086250625045e-12,
        0.9999997615814209,
        -1.984574993230126e-07,
        -142.86395263671875,
        0.0,
        0.0,
        -0.0,
        1.0
      ],
      "parentId": 49
    },
    {
      "id": 51,
      "name": "mixamorig:RightHandPinky1",
      "offset": [
        -0.00028612857568077743,
        -2.93340924883978e-08,
        -0.9999997615814209,
        8.457636833190918,
        -0.9999998807907104,
        3.1198378991348363e-08,
        0.0002862910332623869,
        -72.6207046508789,
        1.3979000179631385e-09,
        0.9999997615814209,
        -9.034479120373362e-08,
        -142.52197265625,
        0.0,
        0.0,
        -0.0,
        1.0
      ],
      "parentId": 42
    },
    {
      "id": 52,
      "name": "mixamorig:RightHandPinky2",
      "offset": [
        0.0013786982744932175,
        6.158985570436926e-07,
        -0.999998927116394,
        8.583264350891113,
        -0.9999990463256836,
        2.98176416890783e-08,
        -0.0013785356422886252,
        -75.50714111328125,
        -8.25360835232658e-10,
        0.9999997615814209,
        5.549374577640265e-07,
        -142.52195739746094,
        0.0,
        0.0,
        -0.0,
        1.0
      ],
      "parentId": 51
    },
    {
      "id": 53,
      "name": "mixamorig:RightHandPinky3",
      "offset": [
        -0.00033692948636598885,
        -9.656835118221352e-07,
        -0.9999997615814209,
        8.45170783996582,
        -1.0,
        -7.55033261157223e-06,
        0.0003370918275322765,
        -76.81826782226563,
        -7.580451892863493e-06,
        0.9999997615814209,
        -1.024140146910213e-06,
        -142.5225067138672,
        0.0,
        0.0,
        -0.0,
        1.0
      ],
      "parentId": 52
    },
    {
      "id": 54,
      "name": "mixamorig:RightHandPinky4",
      "offset": [
        -0.0003378764959052205,
        -1.8158933912104658e-08,
        -0.9999997615814209,
        8.451498985290527,
        -0.9999998807907104,
        7.609904514538357e-06,
        0.0003380391572136432,
        -78.83344268798828,
        7.580107649118872e-06,
        0.9999997615814209,
        -8.173322640914193e-08,
        -142.52134704589844,
        0.0,
        0.0,
        -0.0,
        1.0
      ],
      "parentId": 53
    },
    {
      "id": 55,
      "name": "mixamorig:RightHandRing1",
      "offset": [
        -2.3451726519851945e-05,
        -8.813837126808721e-08,
        -0.9999997615814209,
        6.69613790512085,
        -0.9999998807907104,
        3.41564287964502e-08,
        2.361422411922831e-05,
        -73.59585571289063,
        4.359858696290075e-09,
        0.9999997615814209,
        -1.4914094492723962e-07,
        -143.1319580078125,
        0.0,
        0.0,
        -0.0,
        1.0
      ],
      "parentId": 42
    },
    {
      "id": 56,
      "name": "mixamorig:RightHandRing2",
      "offset": [
        -0.0014676469145342708,
        -5.895836920899455e-07,
        -0.9999985694885254,
        6.5855817794799805,
        -0.9999988675117493,
        2.976847390812054e-08,
        0.0014678090810775757,
        -76.60554504394531,
        -8.907445336880926e-10,
        0.9999997615814209,
        -6.506284080387559e-07,
        -143.13194274902344,
        0.0,
        0.0,
        -0.0,
        1.0
      ],
      "parentId": 55
    },
    {
      "id": 57,
      "name": "mixamorig:RightHandRing3",
      "offset": [
        1.7797616237658076e-05,
        5.047689910497866e-07,
        -0.9999998807907104,
        6.702480792999268,
        -1.0000001192092896,
        7.0094015427457634e-06,
        -1.7634987671044655e-05,
        -78.79670715332031,
        6.97960012985277e-06,
        0.9999997615814209,
        4.4389096842678555e-07,
        -143.1314239501953,
        0.0,
        0.0,
        -0.0,
        1.0
      ],
      "parentId": 56
    },
    {
      "id": 58,
      "name": "mixamorig:RightHandRing4",
      "offset": [
        1.7797758118831553e-05,
        2.6641285444384266e-07,
        -0.9999997615814209,
        6.7025146484375,
        -1.0,
        -6.949786893528653e-06,
        -1.763523687259294e-05,
        -80.98090362548828,
        -6.9795896706636995e-06,
        0.9999997615814209,
        2.0528844402178947e-07,
        -143.1325225830078,
        0.0,
        0.0,
        -0.0,
        1.0
      ],
      "parentId": 57
    },
    {
      "id": 59,
      "name": "mixamorig:RightHandThumb1",
      "offset": [
        0.5076414346694946,
        -0.017874885350465775,
        -0.8613829612731934,
        38.46718978881836,
        -0.7745696902275085,
        -0.44727569818496704,
        -0.44719764590263367,
        12.688114166259766,
        -0.37728220224380493,
        0.8942171931266785,
        -0.24090103805065155,
        -150.95025634765625,
        0.0,
        0.0,
        -0.0,
        1.0
      ],
      "parentId": 42
    },
    {
      "id": 60,
      "name": "mixamorig:RightHandThumb2",
      "offset": [
        0.5076342225074768,
        -0.01787935383617878,
        -0.8613870739936829,
        38.4672966003418,
        -0.7746574282646179,
        -0.44707876443862915,
        -0.4472425878047943,
        9.359028816223145,
        -0.3771115243434906,
        0.8943155407905579,
        -0.2408028542995453,
        -150.9522247314453,
        0.0,
        0.0,
        -0.0,
        1.0
      ],
      "parentId": 59
    },
    {
      "id": 61,
      "name": "mixamorig:RightHandThumb3",
      "offset": [
        0.507626473903656,
        -0.01788286864757538,
        -0.8613914251327515,
        38.46726989746094,
        -0.7745835185050964,
        -0.44726529717445374,
        -0.44718411564826965,
        5.833792686462402,
        -0.3772735893726349,
        0.8942221403121948,
        -0.24089550971984863,
        -150.95089721679688,
        0.0,
        0.0,
        -0.0,
        1.0
      ],
      "parentId": 60
    },
    {
      "id": 62,
      "name": "mixamorig:RightHandThumb4",
      "offset": [
        0.5076262950897217,
        -0.01788286305963993,
        -0.8613916635513306,
        38.467254638671875,
        -0.7745850682258606,
        -0.4472617506980896,
        -0.4471850097179413,
        2.5040464401245117,
        -0.37727051973342896,
        0.894224226474762,
        -0.24089361727237701,
        -150.95095825195313,
        0.0,
        0.0,
        -0.0,
        1.0
      ],
      "parentId": 61
    },
    {
      "id": 63,
      "name": "mixamorig:RightToeBase",
      "offset": [
        -0.9991574287414551,
        -1.5421892385347746e-06,
        0.041046179831027985,
        -10.374612808227539,
        -0.04104616865515709,
        -0.000977751100435853,
        -0.999156653881073,
        -6.240896224975586,
        4.1681651055114344e-05,
        -0.9999989867210388,
        0.0009770151227712631,
        0.015084887854754925,
        0.0,
        0.0,
        -0.0,
        1.0
      ],
      "parentId": 40
    },
    {
      "id": 64,
      "name": "mixamorig:RightToe_End",
      "offset": [
        -0.9991573691368103,
        -1.5617613371432526e-06,
        0.04104618355631828,
        -10.374613761901855,
        -0.04104616120457649,
        -0.000977762509137392,
        -0.9991565346717834,
        -20.009056091308594,
        4.169897147221491e-05,
        -0.999998927116394,
        0.0009769403841346502,
        0.015082668513059616,
        0.0,
        0.0,
        -0.0,
        1.0
      ],
      "parentId": 63
    }
  ]
}